"","Last_donation","Number_donations","First_donation","Donation","Percentage","0","1"
"1",2,11,40,"0",0.716,0.678,0.322
"2",2,11,41,"0",0.628,0.678,0.322
"3",4,13,39,"0",0.744,0.704,0.296
"4",1,10,43,"0",0.668,0.896,0.104
"5",4,9,28,"0",0.912,0.704,0.296
"6",2,5,16,"0",0.698,0.708,0.292
"7",2,6,22,"0",0.756,0.702,0.298
"8",4,5,16,"0",0.758,0.734,0.266
"9",2,4,14,"0",0.608,0.7,0.3
"10",2,4,14,"0",0.608,0.7,0.3
"11",2,6,26,"0",0.626,0.702,0.298
"12",4,5,16,"0",0.758,0.734,0.266
"13",2,7,32,"0",0.942,0.678,0.322
"14",2,6,26,"0",0.626,0.702,0.298
"15",2,8,38,"0",0.836,0.678,0.322
"16",2,2,4,"0",0.706,0.69,0.31
"17",2,6,28,"0",0.506,0.702,0.298
"18",4,2,4,"0",0.912,0.716,0.284
"19",1,14,95,"0",0.89,0.896,0.104
"20",2,3,11,"0",0.534,0.722,0.278
"21",2,12,70,"0",0.8,0.678,0.322
"22",4,7,32,"0",0.748,0.704,0.296
"23",4,4,16,"0",0.676,0.726,0.274
"24",2,6,35,"0",0.702,0.702,0.298
"25",2,3,14,"0",0.728,0.722,0.278
"26",2,4,23,"0",0.968,0.7,0.3
"27",4,4,18,"0",0.694,0.726,0.274
"28",5,6,28,"0",0.532,0.728,0.272
"29",4,6,30,"0",0.542,0.728,0.272
"30",14,5,14,"0",0.67,0.742,0.258
"31",3,8,50,"0",0.758,0.704,0.296
"32",4,9,52,"0",0.778,0.704,0.296
"33",4,16,98,"0",0.758,0.704,0.296
"34",2,9,75,"0",0.952,0.678,0.322
"35",4,6,35,"0",0.732,0.728,0.272
"36",4,9,55,"0",0.774,0.704,0.296
"37",4,6,35,"0",0.732,0.728,0.272
"38",2,6,45,"0",0.758,0.702,0.298
"39",2,6,47,"0",0.7,0.702,0.298
"40",4,2,9,"0",0.624,0.716,0.284
"41",2,2,11,"0",0.836,0.69,0.31
"42",4,6,38,"0",0.722,0.728,0.272
"43",9,9,38,"0",0.59,0.712,0.288
"44",11,5,18,"0",0.614,0.742,0.258
"45",2,3,21,"0",0.91,0.722,0.278
"46",2,1,2,"0",0.998,0.712,0.288
"47",2,1,2,"0",0.998,0.712,0.288
"48",2,1,2,"0",0.998,0.712,0.288
"49",2,1,2,"0",0.998,0.712,0.288
"50",2,1,2,"0",0.998,0.712,0.288
"51",2,1,2,"0",0.998,0.712,0.288
"52",2,1,2,"0",0.998,0.712,0.288
"53",2,1,2,"0",0.998,0.712,0.288
"54",2,1,2,"0",0.998,0.712,0.288
"55",2,3,22,"0",0.926,0.722,0.278
"56",9,11,49,"0",0.684,0.712,0.288
"57",3,5,38,"0",0.672,0.734,0.266
"58",3,1,3,"0",0.996,0.758,0.242
"59",4,6,43,"0",0.756,0.728,0.272
"60",2,3,24,"0",0.892,0.722,0.278
"61",12,11,39,"0",0.958,0.712,0.288
"62",2,2,14,"0",0.958,0.69,0.31
"63",9,3,14,"0",0.898,0.756,0.244
"64",14,8,26,"0",0.892,0.712,0.288
"65",4,2,13,"0",0.92,0.716,0.284
"66",4,11,95,"0",0.83,0.704,0.296
"67",4,1,4,"0",0.998,0.758,0.242
"68",4,1,4,"0",0.998,0.758,0.242
"69",4,1,4,"0",0.998,0.758,0.242
"70",4,1,4,"0",0.998,0.758,0.242
"71",4,1,4,"0",0.998,0.758,0.242
"72",4,1,4,"0",0.998,0.758,0.242
"73",4,1,4,"0",0.998,0.758,0.242
"74",4,1,4,"0",0.998,0.758,0.242
"75",4,7,62,"0",0.962,0.704,0.296
"76",4,4,34,"0",0.824,0.726,0.274
"77",11,6,28,"0",0.926,0.736,0.264
"78",13,3,14,"0",0.738,0.756,0.244
"79",9,9,54,"0",0.688,0.712,0.288
"80",11,2,11,"0",0.99,0.724,0.276
"81",2,5,63,"0",0.842,0.708,0.292
"82",7,11,89,"0",0.92,0.712,0.288
"83",8,9,64,"0",0.942,0.712,0.288
"84",2,2,22,"0",0.96,0.69,0.31
"85",11,16,89,"0",0.586,0.712,0.288
"86",4,5,58,"0",0.99,0.734,0.266
"87",14,7,35,"0",0.834,0.712,0.288
"88",11,4,27,"0",0.89,0.734,0.266
"89",7,9,89,"0",0.892,0.712,0.288
"90",7,5,52,"0",0.616,0.742,0.258
"91",11,6,41,"0",0.768,0.736,0.264
"92",10,5,38,"0",0.686,0.742,0.258
"93",14,2,14,"0",0.996,0.724,0.276
"94",14,2,14,"0",0.996,0.724,0.276
"95",14,2,14,"0",0.996,0.724,0.276
"96",2,2,33,"0",0.928,0.69,0.31
"97",11,3,23,"0",0.922,0.756,0.244
"98",14,8,46,"0",0.67,0.712,0.288
"99",9,1,9,"0",0.992,0.766,0.234
"100",16,5,27,"0",0.838,0.742,0.258
"101",14,4,26,"0",0.804,0.734,0.266
"102",4,2,30,"0",0.934,0.716,0.284
"103",14,3,21,"0",0.73,0.756,0.244
"104",16,16,77,"0",0.91,0.712,0.288
"105",4,2,31,"0",0.934,0.716,0.284
"106",14,8,50,"0",0.616,0.712,0.288
"107",11,3,26,"0",0.906,0.756,0.244
"108",14,7,45,"0",0.918,0.712,0.288
"109",15,5,33,"0",0.924,0.742,0.258
"110",16,2,16,"0",0.962,0.724,0.276
"111",16,3,21,"0",0.642,0.756,0.244
"112",11,8,72,"0",0.598,0.712,0.288
"113",11,1,11,"0",0.966,0.766,0.234
"114",11,1,11,"0",0.966,0.766,0.234
"115",11,1,11,"0",0.966,0.766,0.234
"116",2,3,75,"0",0.966,0.722,0.278
"117",2,3,77,"0",0.962,0.722,0.278
"118",16,4,28,"0",0.838,0.734,0.266
"119",16,15,87,"0",0.736,0.712,0.288
"120",16,14,83,"0",0.856,0.712,0.288
"121",16,10,62,"0",0.984,0.712,0.288
"122",16,3,23,"0",0.858,0.756,0.244
"123",14,3,26,"0",0.88,0.756,0.244
"124",23,19,62,"0",0.938,0.712,0.288
"125",11,7,75,"0",0.67,0.712,0.288
"126",20,14,69,"0",0.922,0.712,0.288
"127",4,2,46,"0",0.602,0.716,0.284
"128",11,2,25,"0",0.976,0.724,0.276
"129",11,3,37,"0",0.652,0.756,0.244
"130",13,7,76,"0",0.964,0.712,0.288
"131",16,6,50,"0",0.76,0.736,0.264
"132",14,3,33,"0",0.952,0.756,0.244
"133",14,1,14,"0",1,0.766,0.234
"134",14,1,14,"0",1,0.766,0.234
"135",14,1,14,"0",1,0.766,0.234
"136",14,1,14,"0",1,0.766,0.234
"137",17,7,58,"0",0.934,0.712,0.288
"138",14,3,35,"0",0.93,0.756,0.244
"139",16,7,64,"0",0.936,0.712,0.288
"140",21,2,21,"0",0.594,0.724,0.276
"141",16,3,35,"0",0.936,0.756,0.244
"142",16,1,16,"0",1,0.766,0.234
"143",16,1,16,"0",1,0.766,0.234
"144",16,1,16,"0",1,0.766,0.234
"145",16,1,16,"0",1,0.766,0.234
"146",16,1,16,"0",1,0.766,0.234
"147",11,4,74,"0",0.864,0.734,0.266
"148",21,6,48,"0",0.754,0.736,0.264
"149",23,2,23,"0",1,0.724,0.276
"150",23,6,45,"0",0.774,0.736,0.264
"151",14,2,35,"0",0.956,0.724,0.276
"152",16,4,58,"0",1,0.734,0.266
"153",16,5,71,"0",0.972,0.742,0.258
"154",21,2,26,"0",0.95,0.724,0.276
"155",21,3,35,"0",0.93,0.756,0.244
"156",23,8,69,"0",0.942,0.712,0.288
"157",21,3,38,"0",0.936,0.756,0.244
"158",21,3,40,"0",0.934,0.756,0.244
"159",21,1,21,"0",1,0.766,0.234
"160",21,1,21,"0",1,0.766,0.234
"161",25,6,50,"0",0.564,0.736,0.264
"162",21,1,21,"0",1,0.766,0.234
"163",21,1,21,"0",1,0.766,0.234
"164",23,3,39,"0",0.988,0.756,0.244
"165",21,2,33,"0",0.986,0.724,0.276
"166",14,3,79,"0",0.978,0.756,0.244
"167",23,1,23,"0",1,0.766,0.234
"168",23,1,23,"0",1,0.766,0.234
"169",23,1,23,"0",1,0.766,0.234
"170",23,1,23,"0",1,0.766,0.234
"171",23,1,23,"0",1,0.766,0.234
"172",23,1,23,"0",1,0.766,0.234
"173",16,3,86,"0",0.922,0.756,0.244
"174",21,2,52,"0",1,0.724,0.276
"175",39,1,39,"0",0.888,0.766,0.234
"176",72,1,72,"0",0.958,0.766,0.234
