state,Accidents,CrimeWithGun,Gang,InvolvingChildren,NonViolent,Police,School,SelfDefense,Suicide,Terrorism
alabama,2.28478940038393,1.34093892404726,0.902217274329715,3.10799497697781,1.35033939657463,1.62097309439935,2.92567690350718,2.71690981040695,2.3416245627672,1.70580964153276
alaska,0.794218391237249,0.760914805289052,0.735225902217274,0.470908329845123,1.26096093919849,0.704548935518456,0.23623478102853,0.945012107967633,1.02020987174504,0.395550061804697
arizona,1.70888696503181,0.700617909778769,0.593747100844234,1.23482628714943,0.846679711090176,2.22341348853832,1.09031437397783,1.61242690921977,2.04041974349009,1.1619283065513
arkansas,1.34000828095005,0.927398268998858,0.670284813062436,1.59062369192131,1.09790564533662,0.982794710777556,1.63547156096675,1.18717146063434,1.25340069957248,0.741656365883807
california,4.8142432340874,6.66574175853495,7.93440949995361,4.4579321892005,6.53912119235693,11.2523612600194,4.41577321461021,4.55968342094383,6.70423630003887,11.8417799752781
colorado,1.98366394399067,1.28544443614399,1.21532609704054,1.3604018417748,1.79723168345532,2.21064992086588,1.508268217336,1.2875789971059,1.98212203653323,1.21137206427689
connecticut,0.986185869687959,1.80677246192758,2.73216439372855,0.659271661783173,1.90955866367128,0.730076070863328,0.94493912411412,0.992262713366015,0.961912164788185,1.1619283065513
delaware,0.195731546655625,0.799867666990385,1.01586418035068,0.334868145667643,0.591830325869024,0.252718639914229,0.454297655824096,0.336660563463469,0.194325689856199,0.543881334981459
district of columbia,0.116686114352392,0.853761352357982,1.70006494108915,0.429049811636668,1.63538420658502,0.41353959258692,0.327094312193349,0.100407536471561,0.136027982899339,0.964153275648949
florida,5.98110437761132,6.67801457797509,6.41757120326561,7.76475512766848,7.44739957001715,6.02695665492418,8.540795929493,10.1588801606521,7.12203653322969,9.71569839307787
georgia,4.33620657206309,4.02388397383221,3.17979404397439,5.4416073670992,4.46529941783221,3.23428804819523,5.1244775576958,5.16803496544799,3.93509521958803,3.28800988875155
hawaii,0.154326796401551,0.155277845960108,0.115966230633639,0.0837170364169108,0.229485228398193,0.280798488793588,0.109031437397783,0.0649695824227748,0.184609405363389,0.0494437577255872
idaho,0.782926186622502,0.384192608561092,0.477780870210595,0.502302218501465,0.543517646206247,0.607545821207944,0.381610030892241,0.401630145886244,0.699572483482316,0.395550061804697
illinois,3.70384311363722,7.48108385003682,7.15511643009556,3.41146923398912,3.83844239920767,5.44238525552663,2.58041068508087,2.69328450770776,3.16750874465604,5.93325092707046
indiana,3.40271765724395,3.20747468063989,2.77159291214398,3.22310590205107,2.46515447979322,3.73461990095472,2.7621297474105,2.79959836985411,2.95375048581422,2.71940667490729
iowa,1.50562728196635,1.34627493249949,1.38463679376566,0.858099623273336,1.12930888711742,0.870475315260122,1.09031437397783,0.578819916130175,0.903614457831325,0.914709517923362
kansas,1.67124628298265,0.890046209833196,0.712032656090546,1.15110925073252,0.956591057322994,1.08490325215704,1.18117390514265,1.0277006674148,1.09794014768752,0.667490729295427
kentucky,2.15304701321188,1.50208637930482,1.16662028017441,2.28128924236082,1.41797714810252,1.76392505233063,2.79847355987643,2.19124682534995,2.29304314030315,1.43386897404203
louisiana,2.63861181164603,2.97055590536055,2.12450134520828,3.4742570113018,2.84320119815446,2.14938479603819,3.25277121570053,2.88819325497608,2.15701515740381,3.60939431396786
maine,0.617307185606203,0.607771362709839,0.758419148344002,0.13604018417748,0.776626325579148,0.717312503190892,0.127203343630747,0.525662985056996,0.621842207539837,0.321384425216316
maryland,0.83938720969624,1.85906534475951,3.17515539474905,1.4336542486396,1.78153006256492,1.22785521008832,1.59912774850082,0.702852755300927,1.50602409638554,1.55747836835599
massachusetts,1.05017502917153,3.479611111704,6.66805826143427,0.962745918794475,4.03169311785878,1.33762189207127,1.54461202980193,1.18126513495954,0.816167897396036,1.85414091470952
michigan,3.43283020288328,2.8051396433412,1.66295574728639,3.08706571787359,2.39630891127376,2.62674222698729,2.34417590405234,2.74644143878093,2.95375048581422,2.59579728059333
minnesota,1.2571987804419,1.056529673543,0.916133222005752,0.994139807450816,1.5532526511583,1.05937611681217,1.12665818644376,0.673321126926939,1.21453556160124,0.889987639060569
mississippi,1.6825384875974,0.891113411523644,0.54040263475276,1.89409794893261,0.788704495494843,1.07213968448461,1.56278393603489,1.36436123087827,1.5643218033424,1.48331273176761
missouri,2.43535212858057,2.33343649616341,2.00853511457464,3.76726663876099,2.18614875474068,2.82074845560831,3.07105215337089,3.39613726300868,2.75942479595803,2.71940667490729
montana,0.60225091278654,0.284942851349477,0.301512199647463,0.27208036835496,0.539894195231539,0.426303160259356,0.308922405960385,0.342566889138267,0.553828216090167,0.271940667490729
nebraska,0.997478074302706,0.858030159119772,0.688839409963819,0.554625366262034,1.04959296567384,0.579465972328585,0.781391968017445,0.466599728309019,0.767586474931986,0.469715698393078
nevada,0.718937027138932,0.630716199054459,0.538083310140087,0.711594809543742,0.585791240911177,1.30954204319191,0.654188624386698,1.61833323489457,1.44772638942868,0.444993819530284
new hampshire,0.606014980991456,0.653127434553856,0.802486315984785,0.230221850146505,0.956591057322994,0.6560473783632,0.363438124659277,0.466599728309019,0.670423630003886,0.34610630407911
new jersey,1.53573982760568,2.15041140625167,3.08702105946748,0.889493511929678,2.07382177452472,1.35038545974371,0.926767217881156,0.525662985056996,1.62261951029926,2.6946847960445
new mexico,0.440395979975157,0.748108385003682,0.579831153168197,0.701130179991628,0.881706403845689,1.5699188237096,0.94493912411412,1.31711062547989,0.932763311309755,0.815822002472188
new york,2.90209658599014,4.66900739570771,6.92318396882828,2.39640016743407,5.10906587433872,2.78756317965998,2.94384880974014,2.62831492528498,2.73999222697241,4.49938195302843
north carolina,2.58967892498212,3.02765119579949,2.24510622506726,4.62536626203432,2.59439089789115,2.12385766069332,5.41522805742322,3.54379540487863,3.02176447726389,2.54635352286774
north dakota,0.737757368163511,0.286543653885148,0.3409407180629,0.209292591042277,0.446892286880692,0.324194618879869,0.145375249863711,0.271690981040695,0.359502526233968,0.222496909765142
ohio,5.67997892121805,4.94541263353361,3.55552463122739,5.64043532858937,3.66210111843853,5.15648133966406,4.48846083954207,4.21121020613077,4.33346288379324,3.90605686032138
oklahoma,1.54326796401551,1.57892490101704,1.31969570461082,1.24529091670155,1.38415827233858,2.00643283810691,1.27203343630747,3.07128935089481,1.44772638942868,1.43386897404203
oregon,1.3513004855648,1.32866610460711,1.96446794693385,0.816241105064881,1.38898954030485,1.29933118905396,0.817735780483373,1.23442206603272,1.59347065682083,0.988875154511743
pennsylvania,5.18688598637407,3.45880067874028,2.8295760274608,3.0242779405609,3.22004009952412,3.27002603767805,2.25331637288752,3.33116768058591,4.35289545277886,3.4610630407911
rhode island,0.101629841532729,0.562415290865821,0.9973095834493,0.125575554625366,0.507283136459164,0.22463879103487,0.254406687261494,0.248065678341504,0.174893120870579,0.420271940667491
south carolina,2.84187149471148,2.84515970673298,2.3610724557009,3.97655922980326,3.01108775998261,1.82774289069281,4.41577321461021,3.23076014411435,2.3416245627672,2.71940667490729
south dakota,0.707644822524184,0.271069229373659,0.368772613414974,0.167434072833822,0.357513829504553,0.319089191810895,0.218062874795566,0.118126513495954,0.340069957248348,0.222496909765142
tennessee,3.50434749877668,2.59063210356125,1.91576213006772,4.73001255755546,2.58593617895017,2.50676469086639,5.28802471379248,3.71507884944776,2.81772250291489,2.6946847960445
texas,7.114088907291,4.92727020479601,3.80833101400872,7.46128087065718,5.89052346788415,7.96701894113442,6.45102671270216,10.3006319768472,8.85153517294986,5.88380716934487
utah,1.07652350660594,0.584826526365218,0.596066425456907,0.669736291335287,0.693286953160857,0.855159034053199,0.563329093221879,0.826885594471679,0.893898173338515,0.395550061804697
vermont,0.455452252794821,0.300417275860965,0.324705445774191,0.13604018417748,0.45172355484697,0.22463879103487,0.181719062329638,0.230346701317111,0.320637388262728,0.197775030902349
virginia,2.2772612639741,1.66003222949105,1.03441877725206,3.36961071578066,1.60156533082107,1.93495685914127,3.76158459022351,1.21079676333353,2.67197823552274,1.58220024721879
washington,1.85192155681861,1.99246555606544,2.13377864365897,1.16157388028464,2.07261395753315,2.24128248327973,1.9080501544612,2.22668477939874,2.30275942479596,2.05191594561187
west virginia,0.805510595851997,0.724629947813837,0.779293069858057,0.742988698200084,0.649805541464357,0.727523357328841,0.890423405415228,0.838698245821275,0.796735328410416,0.395550061804697
wisconsin,2.19068769526104,2.0095407831126,1.66295574728639,1.90456257848472,2.2090972775805,1.66692193802012,1.87170634199528,1.5533636524718,1.77808006218422,1.21137206427689
wyoming,0.312417661008017,0.098182555521168,0.106688932182948,0.125575554625366,0.196874169625818,0.196558942155511,0.145375249863711,0.171283444569134,0.281772250291489,0.247218788627936
