incident_type,Alabama,Alaska,Arizona,Arkansas,California,Colorado,Connecticut,Delaware,District.of.Columbia,Florida,Georgia,Hawaii,Idaho,Illinois,Indiana,Iowa,Kansas,Kentucky,Louisiana,Maine,Maryland,Massachusetts,Michigan,Minnesota,Mississippi,Missouri,Montana,Nebraska,Nevada,New.Hampshire,New.Jersey,New.Mexico,New.York,North.Carolina,North.Dakota,Ohio,Oklahoma,Oregon,Pennsylvania,Rhode.Island,South.Carolina,South.Dakota,Tennessee,Texas,Utah,Vermont,Virginia,Washington,West.Virginia,Wisconsin,Wyoming,USA
Accidents,607,211,454,356,1279,527,262,52,31,1589,1152,41,208,984,904,400,444,572,701,164,223,279,912,334,447,647,160,265,191,161,408,117,771,688,196,1509,410,359,1378,27,755,188,931,1890,286,121,605,492,214,582,83,26567
CrimeWithGun,2513,1426,1313,1738,12492,2409,3386,1499,1600,12515,7541,291,720,14020,6011,2523,1668,2815,5567,1139,3484,6521,5257,1980,1670,4373,534,1608,1182,1224,4030,1402,8750,5674,537,9268,2959,2490,6482,1054,5332,508,4855,9234,1096,563,3111,3734,1358,3766,184,187406
Gang,389,317,256,289,3421,524,1178,438,733,2767,1371,50,206,3085,1195,597,307,503,916,327,1369,2875,717,395,233,866,130,297,232,346,1331,250,2985,968,147,1533,569,847,1220,430,1018,159,826,1642,257,140,446,920,336,717,46,43116
InvolvingChildren,297,45,118,152,426,130,63,32,41,742,520,8,48,326,308,82,110,218,332,13,137,92,295,95,181,360,26,53,68,22,85,67,229,442,20,539,119,78,289,12,380,16,452,713,64,13,322,111,71,182,12,9556
NonViolent,1118,1044,701,909,5414,1488,1581,490,1354,6166,3697,190,450,3178,2041,935,792,1174,2354,643,1475,3338,1984,1286,653,1810,447,869,485,792,1717,730,4230,2148,370,3032,1146,1150,2666,420,2493,296,2141,4877,574,374,1326,1716,538,1829,163,82794
Police,635,276,871,385,4408,866,286,99,162,2361,1267,110,238,2132,1463,341,425,691,842,281,481,524,1029,415,420,1105,167,227,513,257,529,615,1092,832,127,2020,786,509,1281,88,716,125,982,3121,335,88,758,878,285,653,77,39174
School,161,13,60,90,243,83,52,25,18,470,282,6,21,142,152,60,65,154,179,7,88,85,129,62,86,169,17,43,36,20,51,52,162,298,8,247,70,45,124,14,243,12,291,355,31,10,207,105,49,103,8,5503
SelfDefense,460,160,273,201,772,218,168,57,17,1720,875,11,68,456,474,98,174,371,489,89,119,200,465,114,231,575,58,79,274,79,89,223,445,600,46,713,520,209,564,42,547,20,629,1744,140,39,205,377,142,263,29,16931
Suicide,241,105,210,129,690,204,99,20,14,733,405,19,72,326,304,93,113,236,222,64,155,84,304,125,161,284,57,79,149,69,167,96,282,311,37,446,149,164,448,18,241,35,290,911,92,33,275,237,82,183,29,10292
Terrorism,69,16,47,30,479,49,47,22,39,393,133,2,16,240,110,37,27,58,146,13,63,75,105,36,60,110,11,19,18,14,109,33,182,103,9,158,58,40,140,17,110,9,109,238,16,8,64,83,16,49,10,4045
