date,Wounded,killed,Uninjured,Terrorism,Police,Gang,NonViolent,SelfDefense,CrimeWithGun,InvolvingChildren,Accidents,School,Suicide,wday
2014-01-01,96,43,26,1,14,6,20,1,104,0,37,0,4,4
2014-01-02,41,26,5,0,14,6,20,4,75,4,20,0,5,5
2014-01-03,49,31,10,1,22,5,14,2,84,0,7,0,7,6
2014-01-04,49,29,9,0,26,3,18,0,76,0,29,0,3,7
2014-01-05,49,27,9,0,17,2,20,1,81,2,4,0,8,1
2014-01-06,18,23,8,0,2,2,11,1,77,0,16,0,6,2
2014-01-07,27,19,9,0,15,8,14,1,88,0,7,0,10,3
2014-01-08,49,23,8,0,9,12,31,1,115,2,7,2,4,4
2014-01-09,36,24,11,0,11,9,22,3,115,0,15,0,7,5
2014-01-10,44,17,13,0,9,9,26,5,100,0,6,0,5,6
2014-01-11,56,27,9,0,13,5,9,3,89,0,14,0,8,7
2014-01-12,54,24,12,3,10,7,21,3,90,4,26,0,9,1
2014-01-13,61,29,8,1,9,10,25,3,107,3,11,4,3,2
2014-01-14,42,35,9,1,22,6,26,4,135,4,10,4,8,3
2014-01-15,39,29,20,0,10,17,34,4,172,1,11,2,11,4
2014-01-16,39,33,13,2,20,10,36,2,123,3,13,0,9,5
2014-01-17,57,25,15,0,7,5,25,5,98,0,16,0,7,6
2014-01-18,52,30,6,0,16,1,18,2,111,1,14,1,5,7
2014-01-19,52,31,5,0,5,4,28,4,117,0,14,0,2,1
2014-01-20,60,40,11,1,7,12,32,2,141,0,18,0,9,2
2014-01-21,37,25,6,1,24,10,29,2,95,3,11,2,6,3
2014-01-22,42,30,15,0,20,13,31,3,99,10,8,6,8,4
2014-01-23,18,26,17,0,8,8,22,4,103,4,5,4,9,5
2014-01-24,32,23,3,0,8,7,18,0,83,8,14,7,3,6
2014-01-25,63,36,9,2,16,8,32,5,113,0,16,0,6,7
2014-01-26,49,35,15,0,19,9,20,2,97,0,15,0,3,1
2014-01-27,33,32,9,2,13,11,43,1,129,5,21,2,8,2
2014-01-28,46,24,7,0,17,7,26,6,101,6,19,2,6,3
2014-01-29,27,18,4,0,14,10,37,3,120,4,12,4,1,4
2014-01-30,26,19,4,1,16,9,32,4,110,3,8,4,7,5
2014-01-31,51,37,7,0,23,14,26,4,109,2,8,2,7,6
2014-02-01,47,34,9,0,10,10,39,1,113,0,4,0,9,7
2014-02-02,46,34,8,1,5,2,31,2,84,0,15,0,1,1
2014-02-03,32,29,5,1,13,5,39,2,123,8,12,8,11,2
2014-02-04,25,28,10,0,23,8,28,3,95,2,2,2,6,3
2014-02-05,23,20,6,1,8,4,22,1,88,2,11,2,5,4
2014-02-06,32,27,9,1,11,6,34,2,110,6,14,2,10,5
2014-02-07,25,17,5,1,14,2,29,5,71,2,12,2,5,6
2014-02-08,30,14,9,0,0,3,28,3,78,0,2,0,3,7
2014-02-09,32,21,14,0,22,7,21,4,85,2,11,0,3,1
2014-02-10,36,26,7,0,19,7,30,3,89,5,9,5,5,2
2014-02-11,15,20,8,0,8,3,22,0,55,2,5,2,2,3
2014-02-12,22,25,14,3,18,16,38,7,117,4,5,4,2,4
2014-02-13,29,24,7,0,22,3,32,1,67,10,6,8,6,5
2014-02-14,18,18,11,0,12,6,35,3,92,2,7,0,6,6
2014-02-15,23,25,7,1,9,2,16,2,49,0,13,0,10,7
2014-02-16,41,37,6,5,16,5,17,4,58,0,23,0,6,1
2014-02-17,31,22,11,0,8,9,16,5,76,0,8,0,4,2
2014-02-18,31,19,5,0,14,6,24,3,78,2,16,0,6,3
2014-02-19,42,28,7,0,18,5,35,3,101,3,11,3,12,4
2014-02-20,32,24,7,4,4,5,24,3,67,2,7,0,0,5
2014-02-21,36,26,12,0,8,8,22,5,73,0,8,0,6,6
2014-02-22,47,27,8,1,16,3,22,4,75,0,18,0,5,7
2014-02-23,41,39,3,0,4,5,23,2,94,0,8,0,7,1
2014-02-24,33,20,13,0,7,7,31,5,87,6,2,4,4,2
2014-02-25,29,19,7,1,26,9,31,3,79,0,18,0,11,3
2014-02-26,19,19,7,0,13,10,23,1,70,6,9,6,8,4
2014-02-27,28,16,11,0,11,5,33,2,72,7,24,3,6,5
2014-02-28,15,19,5,0,7,6,17,4,55,8,10,8,1,6
2014-03-01,49,48,7,3,8,8,40,7,78,6,28,0,2,7
2014-03-02,33,15,8,1,17,2,17,2,51,0,15,0,2,1
2014-03-03,26,23,3,0,16,8,20,2,73,2,8,0,9,2
2014-03-04,23,18,5,0,14,4,22,4,69,0,9,0,3,3
2014-03-05,33,24,8,1,20,11,33,5,78,10,10,4,9,4
2014-03-06,24,29,7,0,21,7,19,6,74,0,4,0,7,5
2014-03-07,41,21,8,1,8,10,33,5,97,4,29,1,4,6
2014-03-08,36,28,15,2,12,9,23,2,73,0,11,0,2,7
2014-03-09,50,25,12,2,16,8,26,3,58,0,10,0,0,1
2014-03-10,32,29,6,0,14,4,26,3,79,6,23,4,2,2
2014-03-11,50,26,10,0,10,16,24,1,80,14,21,6,8,3
2014-03-12,20,27,7,0,19,4,33,5,85,4,7,2,7,4
2014-03-13,18,25,7,0,13,6,31,3,78,0,8,0,5,5
2014-03-14,33,31,8,1,13,12,31,3,85,2,7,2,9,6
2014-03-15,54,28,9,0,6,8,29,1,65,0,21,0,5,7
2014-03-16,44,32,18,2,19,6,24,2,93,0,12,0,7,1
2014-03-17,36,27,7,0,12,7,35,7,103,2,10,2,3,2
2014-03-18,25,32,6,0,28,2,34,5,83,4,12,0,5,3
2014-03-19,38,27,10,0,15,8,37,3,102,4,13,2,5,4
2014-03-20,40,30,11,1,24,13,30,3,93,2,15,2,10,5
2014-03-21,30,35,10,1,28,18,38,5,99,6,8,4,6,6
2014-03-22,50,28,8,0,10,3,23,2,74,0,7,0,4,7
2014-03-23,50,36,17,3,9,9,34,6,110,0,4,0,0,1
2014-03-24,27,27,11,1,10,5,30,2,109,3,2,4,7,2
2014-03-25,40,35,13,0,21,9,45,7,133,0,5,0,5,3
2014-03-26,28,18,4,0,12,8,36,7,108,7,13,8,3,4
2014-03-27,41,24,13,0,15,15,43,3,129,4,5,4,6,5
2014-03-28,47,24,9,0,17,7,27,3,98,2,5,2,5,6
2014-03-29,48,28,12,0,11,11,30,4,107,0,8,0,4,7
2014-03-30,55,34,6,2,6,9,33,3,119,0,2,0,3,1
2014-03-31,42,33,13,0,14,4,33,5,102,2,6,2,5,2
2014-04-01,31,33,8,0,7,6,32,3,97,2,2,2,8,3
2014-04-02,27,32,6,2,9,11,31,1,117,1,2,1,10,4
2014-04-03,40,24,9,1,10,13,42,5,129,6,10,4,3,5
2014-04-04,44,26,10,1,19,9,36,6,107,6,14,4,4,6
2014-04-05,58,34,14,3,13,17,34,3,84,3,12,0,3,7
2014-04-06,61,31,9,3,16,5,36,3,102,0,5,0,7,1
2014-04-07,41,23,8,1,25,8,39,7,91,6,16,2,5,2
2014-04-08,40,37,3,0,15,12,38,2,120,6,1,6,8,3
2014-04-09,42,30,9,2,8,9,49,3,118,8,3,8,7,4
2014-04-10,40,21,9,0,17,9,42,2,108,5,0,5,4,5
2014-04-11,54,27,14,1,10,16,38,4,99,5,0,5,7,6
2014-04-12,64,29,16,1,23,8,32,3,81,3,11,0,11,7
2014-04-13,52,31,15,4,13,6,32,9,94,4,12,2,8,1
2014-04-14,43,34,13,2,10,14,47,4,118,6,7,4,3,2
2014-04-15,36,26,11,0,13,5,25,2,93,0,3,0,4,3
2014-04-16,37,30,13,0,11,11,30,2,95,4,4,4,8,4
2014-04-17,40,24,9,0,6,6,46,1,129,8,9,4,6,5
2014-04-18,60,27,13,2,13,11,51,1,123,11,16,6,3,6
2014-04-19,46,26,7,0,17,9,36,1,85,0,2,0,4,7
2014-04-20,57,26,5,3,9,10,50,3,116,0,9,0,3,1
2014-04-21,46,32,11,0,18,11,41,1,103,7,2,3,7,2
2014-04-22,44,20,17,1,14,9,37,7,112,0,6,0,3,3
2014-04-23,33,30,8,0,15,12,45,2,123,0,3,0,5,4
2014-04-24,41,35,5,0,10,11,39,1,101,7,9,5,3,5
2014-04-25,50,33,24,2,14,13,45,7,156,2,6,2,6,6
2014-04-26,74,35,11,0,21,14,40,4,124,7,13,1,7,7
2014-04-27,49,25,12,1,7,8,27,1,94,2,7,0,4,1
2014-04-28,41,18,15,0,11,5,31,5,89,2,9,2,6,2
2014-04-29,42,32,5,1,11,14,36,9,131,11,2,8,5,3
2014-04-30,38,20,13,1,13,10,36,2,115,6,6,6,3,4
2014-05-01,36,21,14,0,14,12,35,4,100,2,0,2,0,5
2014-05-02,53,26,15,0,15,7,26,4,76,2,4,2,12,6
2014-05-03,62,30,13,4,12,8,42,4,109,2,9,0,4,7
2014-05-04,44,36,12,2,5,7,30,9,111,0,5,0,6,1
2014-05-05,39,27,9,0,10,3,27,3,85,5,9,4,6,2
2014-05-06,47,20,10,0,10,9,25,8,95,10,3,8,2,3
2014-05-07,51,19,5,0,4,9,23,3,83,4,4,4,4,4
2014-05-08,44,28,13,0,22,8,24,5,78,5,3,4,13,5
2014-05-09,42,33,8,1,24,12,15,3,88,0,2,0,5,6
2014-05-10,57,41,15,3,20,11,19,5,79,1,11,2,2,7
2014-05-11,59,40,7,2,11,8,15,6,71,0,0,0,1,1
2014-05-12,44,24,16,1,22,10,17,5,96,4,7,0,4,2
2014-05-13,35,29,10,1,9,9,28,0,95,2,4,2,4,3
2014-05-14,48,27,19,0,14,8,19,4,87,4,6,4,4,4
2014-05-15,45,26,15,0,13,10,28,4,116,2,2,2,5,5
2014-05-16,49,15,10,0,30,8,22,6,117,6,6,6,6,6
2014-05-17,84,42,16,2,10,12,9,4,82,6,17,0,6,7
2014-05-18,60,37,7,1,23,3,23,4,86,2,15,2,1,1
2014-05-19,53,34,12,0,17,13,29,4,124,4,0,4,6,2
2014-05-20,44,27,21,0,21,9,26,4,124,0,4,0,4,3
2014-05-21,49,30,9,1,17,11,18,10,109,4,4,4,3,4
2014-05-22,46,20,18,0,13,12,16,2,101,0,5,0,2,5
2014-05-23,44,27,15,5,23,12,24,4,105,6,8,4,8,6
2014-05-24,69,37,11,2,19,8,16,9,100,5,12,0,5,7
2014-05-25,71,25,13,1,14,2,16,8,94,2,5,0,7,1
2014-05-26,65,52,16,0,22,6,11,5,110,0,16,0,10,2
2014-05-27,63,36,12,0,15,14,17,9,116,3,6,0,2,3
2014-05-28,41,26,11,0,13,14,21,2,94,3,12,2,4,4
2014-05-29,61,34,10,0,17,7,22,5,118,2,4,2,7,5
2014-05-30,47,42,12,0,42,12,18,12,114,0,5,0,12,6
2014-05-31,76,35,13,1,17,9,20,1,108,0,10,0,7,7
2014-06-01,64,32,16,3,21,4,22,3,99,5,8,0,1,1
2014-06-02,60,28,18,1,26,9,13,7,106,0,12,0,5,2
2014-06-03,53,26,12,1,16,12,23,8,111,4,7,2,2,3
2014-06-04,61,43,16,1,23,8,36,6,134,4,7,2,9,4
2014-06-05,46,41,17,0,18,8,17,6,99,2,13,4,8,5
2014-06-06,48,34,6,0,22,9,26,5,107,1,7,0,10,6
2014-06-07,47,37,15,2,26,7,12,4,99,0,2,0,1,7
2014-06-08,60,34,11,3,16,5,26,5,90,2,9,2,4,1
2014-06-09,56,24,11,1,25,4,29,7,102,3,14,1,7,2
2014-06-10,36,20,11,0,21,8,24,6,99,3,8,4,10,3
2014-06-11,51,34,14,0,20,11,23,9,131,2,9,0,6,4
2014-06-12,48,19,16,0,18,8,28,4,91,6,12,4,5,5
2014-06-13,40,22,10,1,15,5,20,5,96,3,16,0,5,6
2014-06-14,49,33,13,0,20,4,15,4,114,0,5,0,6,7
2014-06-15,65,20,15,3,18,5,25,6,102,0,15,0,4,1
2014-06-16,51,29,12,0,22,10,18,8,118,0,18,0,11,2
2014-06-17,42,27,12,4,6,8,20,5,108,3,7,0,2,3
2014-06-18,38,26,11,0,3,19,28,2,122,2,13,2,5,4
2014-06-19,46,28,8,0,32,19,18,7,132,1,8,2,6,5
2014-06-20,53,29,12,1,29,14,17,4,114,0,3,0,3,6
2014-06-21,64,37,9,2,17,12,10,7,129,0,5,0,4,7
2014-06-22,61,41,17,1,10,9,17,1,102,0,7,0,5,1
2014-06-23,62,32,11,0,20,7,19,10,103,0,11,0,5,2
2014-06-24,49,38,15,2,17,11,18,3,96,0,15,0,7,3
2014-06-25,49,34,14,3,24,13,14,11,121,0,3,0,4,4
2014-06-26,51,27,9,2,16,12,27,4,137,0,6,0,7,5
2014-06-27,45,42,25,1,24,6,27,10,104,1,15,1,5,6
2014-06-28,66,31,10,2,8,6,15,3,117,0,14,0,2,7
2014-06-29,67,45,12,3,13,2,11,6,91,0,10,0,4,1
2014-06-30,47,38,8,1,11,16,16,3,129,0,4,0,6,2
2014-07-01,47,23,13,0,22,11,16,6,90,0,4,0,4,3
2014-07-02,45,24,10,1,21,6,18,5,122,0,13,0,7,4
2014-07-03,56,31,6,0,22,6,16,4,93,2,9,0,4,5
2014-07-04,80,41,22,2,12,8,30,8,117,0,17,0,4,6
2014-07-05,95,66,15,6,38,16,19,7,143,0,9,0,7,7
2014-07-06,79,44,16,3,12,13,14,3,121,0,6,0,2,1
2014-07-07,64,34,16,2,27,6,30,4,116,5,18,2,5,2
2014-07-08,55,34,11,1,15,12,19,7,168,0,6,0,5,3
2014-07-09,57,30,13,3,47,12,23,7,130,2,11,0,5,4
2014-07-10,46,29,13,0,27,15,24,7,115,0,6,0,6,5
2014-07-11,52,21,12,1,20,13,25,9,140,0,13,0,9,6
2014-07-12,62,38,13,1,11,12,21,3,124,0,10,0,6,7
2014-07-13,77,51,16,3,32,14,25,10,118,0,0,0,11,1
2014-07-14,50,34,23,1,9,10,34,7,162,4,15,0,8,2
2014-07-15,61,23,22,0,20,11,31,4,151,2,10,2,5,3
2014-07-16,48,23,19,0,17,15,38,6,114,0,8,0,4,4
2014-07-17,64,30,13,2,21,16,24,6,127,0,6,0,5,5
2014-07-18,52,32,17,0,26,9,22,4,125,0,11,0,8,6
2014-07-19,68,42,13,1,13,10,15,3,117,0,12,0,9,7
2014-07-20,71,42,25,3,22,10,42,9,121,0,7,0,6,1
2014-07-21,49,24,17,2,10,10,17,2,124,2,7,0,4,2
2014-07-22,64,32,15,1,35,16,22,11,158,0,4,0,4,3
2014-07-23,55,25,18,2,25,15,27,9,147,0,4,0,5,4
2014-07-24,58,25,27,1,18,18,30,10,147,0,9,0,9,5
2014-07-25,49,25,25,2,18,20,28,9,151,2,11,0,5,6
2014-07-26,68,28,23,3,11,16,33,8,161,0,12,0,7,7
2014-07-27,66,25,22,1,12,13,22,5,124,0,4,0,7,1
2014-07-28,59,29,17,1,17,11,28,6,118,0,8,0,3,2
2014-07-29,62,31,30,1,35,18,27,14,169,3,2,0,2,3
2014-07-30,53,36,22,2,34,23,37,9,161,3,13,2,4,4
2014-07-31,66,29,20,0,18,12,25,4,121,2,16,0,5,5
2014-08-01,67,39,18,1,25,31,32,8,164,2,16,0,11,6
2014-08-02,67,44,20,5,23,15,25,7,150,0,10,0,9,7
2014-08-03,69,36,15,5,46,12,29,9,133,0,11,0,6,1
2014-08-04,55,25,16,1,15,17,21,2,138,4,17,0,1,2
2014-08-05,46,36,12,0,13,9,32,7,123,4,22,2,17,3
2014-08-06,56,29,27,1,24,12,31,7,139,7,12,2,9,4
2014-08-07,46,27,15,0,18,18,28,4,126,7,17,0,7,5
2014-08-08,61,32,14,3,34,19,36,9,158,0,18,0,1,6
2014-08-09,61,25,16,2,33,9,21,10,104,0,21,0,2,7
2014-08-10,66,45,22,6,18,10,25,7,135,6,21,0,8,1
2014-08-11,57,26,25,0,34,9,24,7,129,0,12,0,4,2
2014-08-12,54,26,19,4,29,7,33,3,129,2,7,2,6,3
2014-08-13,57,27,15,2,25,16,31,7,143,2,18,2,8,4
2014-08-14,52,28,12,1,18,20,30,4,127,2,22,0,6,5
2014-08-15,66,28,16,2,8,31,27,9,134,3,8,0,11,6
2014-08-16,73,41,21,2,15,15,29,2,115,2,16,0,1,7
2014-08-17,70,28,25,5,19,18,22,4,144,2,13,0,3,1
2014-08-18,56,34,26,3,29,18,41,5,144,4,14,4,5,2
2014-08-19,51,40,13,1,19,28,27,6,140,4,9,0,16,3
2014-08-20,61,31,19,1,18,22,29,5,173,6,6,4,12,4
2014-08-21,39,29,31,1,13,19,30,6,153,2,11,2,4,5
2014-08-22,56,33,17,0,17,10,35,5,128,7,9,2,2,6
2014-08-23,79,39,28,0,23,15,31,10,145,9,13,2,7,7
2014-08-24,59,46,24,4,15,14,24,10,163,0,18,0,10,1
2014-08-25,49,26,14,1,10,10,35,5,149,8,18,4,4,2
2014-08-26,49,20,16,0,11,20,25,3,111,7,21,6,7,3
2014-08-27,45,20,16,1,23,14,26,0,132,2,9,2,7,4
2014-08-28,35,27,18,0,23,19,30,6,126,2,3,2,4,5
2014-08-29,54,26,18,2,12,19,34,2,144,0,16,0,3,6
2014-08-30,54,36,11,1,20,6,23,4,119,0,11,0,4,7
2014-08-31,74,43,15,1,16,8,28,4,124,1,13,2,5,1
2014-09-01,78,30,19,2,17,12,25,4,125,2,25,0,7,2
2014-09-02,48,33,13,2,18,11,34,4,130,4,9,2,18,3
2014-09-03,45,30,20,1,17,13,39,12,139,0,2,0,10,4
2014-09-04,43,26,16,1,12,14,28,4,122,3,14,2,13,5
2014-09-05,47,36,18,0,14,15,38,5,147,10,19,8,7,6
2014-09-06,73,45,21,2,25,23,43,3,196,2,9,2,9,7
2014-09-07,57,23,18,0,20,10,29,4,102,2,8,0,0,1
2014-09-08,49,45,11,0,30,6,43,8,122,0,19,0,9,2
2014-09-09,36,29,21,0,15,13,31,2,115,5,0,5,6,3
2014-09-10,59,21,16,0,3,27,38,6,156,3,12,3,8,4
2014-09-11,50,36,24,1,27,18,39,7,151,9,16,10,6,5
2014-09-12,51,23,11,1,8,13,48,9,133,8,17,8,3,6
2014-09-13,63,39,18,1,18,15,31,5,147,7,29,0,5,7
2014-09-14,62,44,21,3,19,14,26,8,121,1,0,1,13,1
2014-09-15,46,33,12,1,8,10,44,8,134,13,11,6,8,2
2014-09-16,46,16,22,0,14,15,46,4,149,2,6,2,2,3
2014-09-17,44,22,9,0,25,12,45,8,149,11,12,8,0,4
2014-09-18,51,22,11,1,20,21,35,7,140,6,12,2,3,5
2014-09-19,50,30,11,1,23,20,33,7,143,6,7,6,6,6
2014-09-20,73,32,13,1,10,17,36,7,135,4,13,2,5,7
2014-09-21,82,46,16,1,9,14,24,6,130,0,17,0,3,1
2014-09-22,40,24,19,0,11,14,24,5,109,3,1,4,6,2
2014-09-23,39,32,12,0,16,4,17,8,70,1,10,2,7,3
2014-09-24,50,28,20,0,21,16,33,5,130,10,11,8,4,4
2014-09-25,41,25,18,1,8,17,37,5,143,10,21,6,4,5
2014-09-26,61,29,22,1,10,22,44,5,134,2,8,0,7,6
2014-09-27,76,31,21,1,17,11,33,2,102,1,19,2,0,7
2014-09-28,69,24,33,2,4,18,36,2,142,0,13,0,2,1
2014-09-29,43,23,14,2,14,12,28,1,113,10,16,4,4,2
2014-09-30,40,35,17,0,24,14,31,3,128,6,12,4,7,3
2014-10-01,47,24,19,0,17,14,43,10,144,4,16,4,5,4
2014-10-02,46,22,17,1,13,20,45,8,148,10,2,10,3,5
2014-10-03,47,28,13,0,15,15,35,6,127,4,14,4,2,6
2014-10-04,51,33,9,3,12,17,30,5,92,0,2,0,1,7
2014-10-05,56,41,18,2,18,9,42,4,116,3,18,0,11,1
2014-10-06,38,20,13,0,7,17,32,0,126,0,12,0,10,2
2014-10-07,42,25,20,0,14,13,31,5,116,0,11,0,6,3
2014-10-08,44,24,21,3,27,18,29,2,127,1,10,1,2,4
2014-10-09,33,24,23,0,36,14,30,0,112,4,3,4,10,5
2014-10-10,33,30,11,0,10,16,30,2,97,8,17,8,10,6
2014-10-11,65,33,17,1,23,8,32,7,103,5,19,0,1,7
2014-10-12,55,27,17,2,8,6,22,3,83,0,15,0,1,1
2014-10-13,60,25,18,1,18,4,33,4,123,4,12,5,6,2
2014-10-14,45,30,20,1,16,6,38,5,153,2,12,2,9,3
2014-10-15,45,27,15,1,9,15,23,4,115,4,12,4,7,4
2014-10-16,42,21,16,1,10,28,33,2,148,4,6,4,4,5
2014-10-17,48,32,21,0,15,25,26,5,129,8,19,5,9,6
2014-10-18,58,35,24,3,21,12,18,6,91,3,24,2,4,7
2014-10-19,52,32,17,0,11,5,33,8,110,0,18,0,8,1
2014-10-20,49,30,17,0,22,19,42,5,143,2,10,0,4,2
2014-10-21,39,22,13,0,11,18,34,6,133,3,20,3,5,3
2014-10-22,42,30,21,1,9,23,44,5,148,5,30,6,3,4
2014-10-23,45,26,12,0,17,16,27,8,110,16,6,10,3,5
2014-10-24,52,24,15,4,24,11,36,8,94,5,13,5,9,6
2014-10-25,92,42,22,0,21,20,32,6,109,3,27,1,11,7
2014-10-26,66,36,21,2,10,13,26,5,99,1,28,2,6,1
2014-10-27,49,38,13,0,16,13,43,4,109,11,17,8,8,2
2014-10-28,35,26,15,0,24,9,37,4,93,1,8,2,3,3
2014-10-29,50,29,14,1,10,20,39,6,120,10,17,8,5,4
2014-10-30,44,23,17,0,17,13,42,5,87,6,11,6,1,5
2014-10-31,38,31,14,0,8,12,52,5,100,0,30,0,6,6
2014-11-01,58,33,16,0,17,9,37,3,72,0,33,0,3,7
2014-11-02,48,31,14,0,19,7,26,5,56,4,14,2,3,1
2014-11-03,44,22,12,0,12,17,44,3,85,5,15,4,2,2
2014-11-04,47,19,17,0,21,16,41,6,87,4,16,2,1,3
2014-11-05,49,25,10,1,16,18,44,4,108,5,8,5,4,4
2014-11-06,42,25,14,0,14,9,31,4,61,6,9,6,7,5
2014-11-07,45,31,14,2,17,13,48,4,96,11,11,9,9,6
2014-11-08,69,45,17,1,20,15,43,4,94,3,30,0,7,7
2014-11-09,71,43,24,0,31,10,34,6,87,3,41,0,7,1
2014-11-10,59,34,16,0,19,14,35,6,94,2,14,4,8,2
2014-11-11,60,29,18,1,15,13,45,7,130,0,16,0,12,3
2014-11-12,43,33,24,0,10,19,35,4,96,8,8,6,3,4
2014-11-13,36,24,15,0,17,25,29,7,96,2,7,2,3,5
2014-11-14,35,27,8,0,30,16,37,7,72,12,16,8,3,6
2014-11-15,67,32,21,3,11,13,33,2,76,4,43,0,6,7
2014-11-16,56,34,19,2,30,7,36,5,84,0,25,0,2,1
2014-11-17,39,22,15,3,11,8,40,4,80,1,13,2,7,2
2014-11-18,34,31,13,1,19,28,36,8,122,0,7,0,8,3
2014-11-19,37,25,12,1,17,31,30,6,91,3,11,4,1,4
2014-11-20,40,22,15,0,29,12,30,7,66,7,21,5,10,5
2014-11-21,40,30,14,1,7,17,20,4,64,5,13,0,3,6
2014-11-22,53,39,18,4,20,10,24,6,73,0,11,0,9,7
2014-11-23,55,40,23,3,16,6,28,3,85,1,10,2,5,1
2014-11-24,29,38,14,0,8,11,21,1,62,4,13,2,13,2
2014-11-25,46,28,15,0,16,10,29,5,81,3,23,0,6,3
2014-11-26,41,22,9,3,16,30,23,4,81,0,10,0,2,4
2014-11-27,42,27,12,1,9,9,15,2,58,0,7,0,7,5
2014-11-28,40,30,16,1,11,8,18,1,67,2,12,0,2,6
2014-11-29,70,36,12,2,12,9,11,3,52,7,23,0,6,7
2014-11-30,62,30,14,2,15,11,26,4,62,2,6,0,4,1
2014-12-01,49,23,13,1,22,8,27,1,60,6,15,6,2,2
2014-12-02,35,27,18,2,12,13,30,5,72,6,14,6,5,3
2014-12-03,38,25,16,0,14,20,39,13,87,8,9,8,8,4
2014-12-04,35,30,16,2,18,13,42,13,64,3,16,0,8,5
2014-12-05,51,29,12,0,14,15,52,10,97,8,15,4,2,6
2014-12-06,48,34,17,1,14,11,41,11,77,2,21,0,5,7
2014-12-07,51,42,22,1,21,5,29,5,70,0,21,0,3,1
2014-12-08,39,32,20,0,13,9,45,14,82,6,11,4,9,2
2014-12-09,44,25,9,0,8,17,52,7,83,6,14,6,3,3
2014-12-10,44,30,14,0,18,11,41,2,82,8,14,8,6,4
2014-12-11,35,24,14,1,20,13,70,6,94,1,12,0,7,5
2014-12-12,57,44,24,1,34,30,41,8,121,8,12,8,3,6
2014-12-13,70,35,17,1,28,16,38,6,83,1,19,2,0,7
2014-12-14,55,36,19,1,19,13,46,14,84,4,17,0,2,1
2014-12-15,58,28,16,4,22,11,45,8,104,8,26,6,5,2
2014-12-16,41,28,22,1,16,17,51,18,102,9,5,9,6,3
2014-12-17,48,35,17,0,35,28,43,9,86,6,9,6,10,4
2014-12-18,34,27,15,2,21,16,47,4,71,5,3,6,9,5
2014-12-19,57,29,10,0,23,17,43,8,66,1,6,1,0,6
2014-12-20,64,29,11,2,14,16,40,9,82,0,24,0,3,7
2014-12-21,65,33,23,3,28,11,46,4,92,0,29,0,1,1
2014-12-22,63,37,6,4,13,17,38,16,90,0,14,0,12,2
2014-12-23,62,32,17,1,20,16,42,12,95,0,4,0,5,3
2014-12-24,44,41,14,1,16,6,26,9,64,0,5,0,6,4
2014-12-25,39,20,9,0,6,8,35,4,61,0,22,0,4,5
2014-12-26,55,41,23,2,13,12,45,8,58,0,20,0,0,6
2014-12-27,85,36,32,2,16,6,50,16,97,0,39,0,4,7
2014-12-28,71,43,36,0,19,12,49,14,90,0,5,0,5,1
2014-12-29,39,38,11,1,21,6,45,6,76,7,18,2,3,2
2014-12-30,38,28,19,1,22,9,42,10,84,5,30,0,4,3
2014-12-31,45,30,29,0,28,6,49,11,53,2,14,0,0,4
2015-01-01,91,55,47,2,9,20,56,13,124,0,20,0,7,5
2015-01-02,46,27,19,1,19,12,50,16,99,1,20,0,4,6
2015-01-03,48,36,15,0,26,14,35,8,62,0,20,0,5,7
2015-01-04,45,36,18,2,22,10,47,6,92,0,22,0,10,1
2015-01-05,33,33,19,0,20,7,45,6,80,2,10,2,7,2
2015-01-06,54,25,15,1,23,17,47,10,62,7,20,4,8,3
2015-01-07,42,30,10,1,30,15,40,10,74,6,18,4,1,4
2015-01-08,42,31,19,2,26,20,49,2,97,2,16,0,0,5
2015-01-09,46,38,15,2,28,23,43,10,109,4,26,0,2,6
2015-01-10,33,25,16,2,15,9,39,9,73,0,10,0,4,7
2015-01-11,46,38,24,4,19,11,42,9,60,3,13,0,3,1
2015-01-12,32,22,12,0,10,15,48,7,77,5,18,4,0,2
2015-01-13,48,29,11,2,11,14,37,9,74,4,3,2,2,3
2015-01-14,52,27,12,0,29,26,58,9,112,6,8,6,5,4
2015-01-15,53,42,10,0,29,30,70,14,139,4,11,5,9,5
2015-01-16,52,28,17,1,27,27,46,7,77,7,14,4,5,6
2015-01-17,63,35,18,0,24,10,48,9,81,2,25,0,3,7
2015-01-18,48,45,22,1,23,8,36,7,66,2,13,0,8,1
2015-01-19,47,36,16,1,11,16,41,15,97,3,5,0,3,2
2015-01-20,62,38,17,1,19,22,57,8,113,9,11,9,7,3
2015-01-21,48,28,26,0,29,27,50,9,87,11,26,4,3,4
2015-01-22,51,24,19,0,46,28,75,7,106,1,11,1,6,5
2015-01-23,42,24,18,1,21,22,36,7,66,6,28,6,4,6
2015-01-24,51,33,21,2,13,16,41,4,86,0,19,0,8,7
2015-01-25,44,38,10,0,11,22,61,7,102,3,12,0,8,1
2015-01-26,47,32,18,1,25,15,60,12,103,7,15,5,3,2
2015-01-27,32,30,21,0,23,22,58,9,104,4,11,4,7,3
2015-01-28,38,30,26,1,22,7,57,5,91,4,11,4,7,4
2015-01-29,34,26,14,1,25,29,79,8,106,3,23,4,4,5
2015-01-30,47,25,21,0,18,30,76,18,98,11,19,4,5,6
2015-01-31,40,24,18,2,23,13,42,5,77,6,17,0,1,7
2015-02-01,57,27,14,2,15,8,35,8,56,0,12,0,6,1
2015-02-02,42,27,14,0,10,12,45,12,63,8,11,7,10,2
2015-02-03,32,26,14,0,19,24,45,10,77,3,22,4,10,3
2015-02-04,35,24,14,0,41,30,58,2,92,5,14,6,4,4
2015-02-05,44,21,14,1,29,20,63,5,102,9,7,11,8,5
2015-02-06,44,27,10,1,30,25,56,4,78,1,9,2,9,6
2015-02-07,55,31,20,2,24,14,66,15,91,5,30,2,13,7
2015-02-08,63,32,24,1,32,12,66,5,94,0,18,0,3,1
2015-02-09,41,33,11,1,36,10,43,6,69,10,15,8,5,2
2015-02-10,42,27,23,2,27,21,67,10,102,11,17,10,10,3
2015-02-11,32,25,13,2,27,35,72,0,116,11,3,6,6,4
2015-02-12,29,31,9,0,19,14,53,5,64,8,6,6,5,5
2015-02-13,30,27,14,0,42,22,54,4,71,9,6,2,5,6
2015-02-14,47,28,15,0,17,5,45,10,60,0,12,0,7,7
2015-02-15,52,38,25,1,27,10,51,4,78,1,12,3,12,1
2015-02-16,36,25,16,1,32,13,50,0,78,0,18,0,3,2
2015-02-17,36,24,13,1,27,14,54,5,73,6,26,4,5,3
2015-02-18,40,23,14,0,24,15,46,5,81,0,11,0,6,4
2015-02-19,38,26,23,0,24,24,52,11,88,0,23,0,5,5
2015-02-20,24,28,10,1,27,20,55,2,66,4,13,4,6,6
2015-02-21,32,26,18,0,21,19,61,6,72,5,28,2,2,7
2015-02-22,59,26,9,4,21,14,32,1,70,2,14,0,9,1
2015-02-23,49,24,12,1,26,10,82,4,85,8,15,10,6,2
2015-02-24,34,19,10,0,23,20,65,2,89,2,12,2,12,3
2015-02-25,43,25,16,1,19,31,61,0,89,8,14,6,5,4
2015-02-26,29,25,21,3,30,23,54,9,83,2,24,2,7,5
2015-02-27,41,22,14,0,14,26,67,11,100,13,20,6,3,6
2015-02-28,52,29,21,4,41,10,49,6,77,0,19,0,4,7
2015-03-01,52,35,22,3,23,12,40,8,61,5,19,0,5,1
2015-03-02,45,26,14,0,21,19,69,2,102,9,17,2,3,2
2015-03-03,52,29,15,0,34,26,71,8,104,8,11,4,10,3
2015-03-04,42,29,16,4,35,24,54,8,74,9,9,4,2,4
2015-03-05,42,23,14,2,29,25,40,2,73,6,26,4,4,5
2015-03-06,35,22,15,0,34,10,70,4,89,14,11,12,8,6
2015-03-07,75,41,18,1,13,19,41,8,75,0,28,0,6,7
2015-03-08,65,40,18,2,26,14,49,2,81,2,20,0,13,1
2015-03-09,51,31,12,2,22,21,65,11,102,9,8,6,5,2
2015-03-10,45,35,15,1,22,14,64,4,88,7,10,4,1,3
2015-03-11,54,34,32,0,47,25,61,20,119,10,14,8,11,4
2015-03-12,45,20,21,0,22,34,69,8,121,2,8,2,3,5
2015-03-13,50,28,19,1,17,24,96,9,143,8,25,6,3,6
2015-03-14,68,35,24,2,26,16,35,6,91,0,19,0,2,7
2015-03-15,76,38,21,1,10,18,51,12,75,0,26,0,4,1
2015-03-16,49,28,27,0,30,28,74,10,111,5,18,5,5,2
2015-03-17,50,30,27,2,36,32,69,10,126,10,20,10,5,3
2015-03-18,71,24,29,3,33,27,68,12,130,2,27,2,5,4
2015-03-19,43,30,19,2,39,44,79,4,125,13,27,8,9,5
2015-03-20,54,40,24,1,30,22,64,8,113,11,29,10,4,6
2015-03-21,72,34,23,1,29,10,51,13,72,1,16,0,4,7
2015-03-22,56,42,23,2,20,8,38,5,71,2,16,0,7,1
2015-03-23,39,19,21,1,22,15,66,8,98,5,8,2,8,2
2015-03-24,56,38,28,2,29,31,75,4,119,2,9,0,5,3
2015-03-25,42,27,24,0,22,33,68,11,105,10,5,8,8,4
2015-03-26,57,30,19,1,23,27,74,14,122,6,16,3,2,5
2015-03-27,48,35,19,2,25,24,60,11,107,8,7,6,4,6
2015-03-28,66,38,23,0,20,10,60,5,108,0,24,0,5,7
2015-03-29,58,33,33,0,20,12,48,4,82,6,16,2,6,1
2015-03-30,55,29,26,0,21,24,59,13,114,4,9,4,4,2
2015-03-31,63,28,25,0,33,26,86,7,131,8,13,9,6,3
2015-04-01,57,24,31,1,17,24,73,4,112,7,9,5,6,4
2015-04-02,69,23,14,1,22,38,72,7,130,3,12,2,6,5
2015-04-03,64,26,23,1,29,25,62,13,133,5,21,0,8,6
2015-04-04,67,47,34,0,38,16,48,9,118,1,11,2,9,7
2015-04-05,74,37,22,4,16,9,43,8,73,1,21,0,7,1
2015-04-06,56,25,24,0,31,21,100,10,123,4,7,4,6,2
2015-04-07,57,24,24,1,23,31,91,14,145,11,22,6,2,3
2015-04-08,51,35,27,1,27,29,89,2,131,5,21,6,3,4
2015-04-09,47,26,25,2,47,36,82,10,141,0,4,0,8,5
2015-04-10,46,30,20,0,31,26,74,8,128,6,10,6,5,6
2015-04-11,64,29,22,0,13,14,49,5,78,1,9,2,4,7
2015-04-12,83,39,33,0,23,11,57,1,109,4,31,2,8,1
2015-04-13,70,29,20,1,22,14,76,7,113,10,11,8,4,2
2015-04-14,45,29,24,2,24,26,59,5,117,10,18,6,3,3
2015-04-15,53,22,30,0,19,22,78,7,119,5,5,6,5,4
2015-04-16,54,22,28,3,39,20,68,9,103,2,0,2,5,5
2015-04-17,74,36,26,0,39,25,75,7,133,12,22,12,6,6
2015-04-18,90,39,30,5,18,16,64,2,99,7,18,6,3,7
2015-04-19,71,38,28,1,11,15,49,6,96,2,13,4,8,1
2015-04-20,53,22,23,0,18,17,86,11,90,5,25,2,5,2
2015-04-22,44,34,31,0,30,21,80,8,121,13,19,10,5,4
2015-04-23,46,31,17,0,28,23,69,4,121,11,14,4,11,5
2015-04-24,48,23,24,0,26,20,70,4,111,7,4,8,2,6
2015-04-25,64,34,17,2,20,15,42,5,84,0,11,0,5,7
2015-04-26,82,32,29,0,30,10,34,4,92,0,11,0,5,1
2015-04-27,70,25,36,2,31,14,67,13,113,11,16,11,3,2
2015-04-28,60,25,26,0,12,21,52,3,96,1,8,1,4,3
2015-04-29,67,45,39,0,47,21,69,8,110,10,16,3,7,4
2015-04-30,49,33,19,0,29,22,65,12,105,10,19,6,8,5
2015-05-01,45,36,27,2,29,32,84,6,151,12,19,12,7,6
2015-05-02,69,28,20,0,23,19,47,5,95,4,24,2,3,7
2015-05-03,72,50,19,6,22,12,38,10,72,4,22,0,6,1
2015-05-04,66,27,33,1,30,13,46,8,83,9,20,8,8,2
2015-05-05,58,29,21,0,38,21,64,9,102,11,16,13,4,3
2015-05-06,76,28,20,0,31,24,75,10,139,11,19,7,6,4
2015-05-07,62,31,22,3,25,17,81,8,115,12,7,9,6,5
2015-05-08,49,27,21,0,31,19,62,7,101,6,4,3,6,6
2015-05-09,74,42,33,0,20,21,50,11,108,5,14,0,3,7
2015-05-10,73,47,23,4,18,9,71,7,80,3,8,0,3,1
2015-05-11,56,34,26,0,35,18,83,15,126,8,17,4,6,2
2015-05-12,61,33,23,3,30,25,66,10,110,8,20,7,11,3
2015-05-13,71,29,32,0,31,14,67,18,141,11,12,6,7,4
2015-05-14,48,22,21,0,21,21,66,8,105,4,17,4,6,5
2015-05-15,60,30,26,2,29,20,59,7,94,9,31,0,9,6
2015-05-16,78,30,26,3,14,11,48,6,78,0,18,0,3,7
2015-05-17,89,41,41,2,34,15,66,7,139,1,15,0,8,1
2015-05-18,58,27,35,3,26,11,79,4,118,8,12,7,2,2
2015-05-19,77,26,26,0,42,16,64,9,107,9,11,2,3,3
2015-05-20,60,37,26,1,37,33,79,0,130,13,9,11,12,4
2015-05-21,71,25,25,0,28,20,67,1,109,6,12,6,6,5
2015-05-22,67,19,22,1,16,26,59,2,108,2,9,2,2,6
2015-05-23,67,46,26,1,22,14,52,1,96,5,21,3,1,7
2015-05-24,83,36,31,4,38,12,51,8,100,1,9,0,3,1
2015-05-25,93,46,34,1,34,16,58,9,122,10,25,2,2,2
2015-05-26,92,42,26,2,30,22,86,20,138,0,15,0,10,3
2015-05-27,61,31,26,1,38,26,58,8,123,7,10,4,5,4
2015-05-28,63,25,18,5,41,35,62,2,134,2,6,2,5,5
2015-05-29,54,36,18,1,37,26,60,9,120,1,13,1,7,6
2015-05-30,91,34,26,1,22,10,57,5,87,6,27,0,3,7
2015-05-31,80,47,24,5,15,15,53,6,116,2,13,0,14,1
2015-06-01,65,32,27,3,35,20,91,7,143,0,16,0,4,2
2015-06-02,62,22,23,0,17,14,69,5,110,6,6,4,6,3
2015-06-03,55,34,20,2,48,32,77,2,131,2,11,2,9,4
2015-06-04,46,24,23,0,28,31,58,3,112,2,11,2,0,5
2015-06-05,47,20,21,2,14,24,64,19,118,0,6,0,5,6
2015-06-06,94,47,23,2,22,17,64,11,104,1,20,0,4,7
2015-06-07,74,43,40,2,33,13,52,11,108,1,15,0,9,1
2015-06-08,66,34,17,0,26,9,75,13,100,0,7,0,4,2
2015-06-09,64,37,23,1,41,29,84,11,134,6,12,0,5,3
2015-06-10,72,30,25,1,28,38,73,3,162,2,6,2,4,4
2015-06-11,61,33,13,2,28,21,60,1,93,3,12,0,5,5
2015-06-12,57,27,25,2,15,29,57,6,121,4,11,2,4,6
2015-06-13,77,41,27,6,26,16,59,8,118,0,27,0,5,7
2015-06-14,68,46,28,5,33,7,68,6,105,3,13,0,6,1
2015-06-15,55,26,19,1,13,12,59,6,101,4,17,0,4,2
2015-06-16,57,27,23,1,19,25,58,13,125,2,4,2,3,3
2015-06-17,52,29,19,3,27,24,61,8,103,0,8,0,4,4
2015-06-18,65,26,27,0,26,17,51,5,88,0,8,0,2,5
2015-06-19,56,31,23,4,35,19,64,9,93,2,12,0,5,6
2015-06-20,66,35,12,3,24,22,51,3,101,0,10,0,1,7
2015-06-21,76,47,21,2,17,9,57,14,95,3,10,0,10,1
2015-06-22,57,34,19,1,30,16,67,5,100,3,4,4,6,2
2015-06-23,69,37,20,0,23,11,54,3,84,0,14,0,2,3
2015-06-24,63,25,26,1,24,12,55,6,85,0,28,0,2,4
2015-06-25,52,29,22,1,20,38,49,6,123,2,0,2,5,5
2015-06-26,55,38,16,0,25,21,59,9,91,1,20,2,3,6
2015-06-27,70,37,15,3,9,24,45,6,106,0,14,0,3,7
2015-06-28,87,30,24,3,23,18,56,16,97,6,18,0,2,1
2015-06-29,65,31,21,1,29,30,68,7,130,2,3,2,6,2
2015-06-30,54,40,37,0,31,22,65,13,128,5,13,2,5,3
2015-07-01,63,31,21,0,32,35,61,4,120,5,13,0,6,4
2015-07-02,68,44,15,1,22,25,69,3,103,3,6,0,8,5
2015-07-03,65,29,18,1,27,16,33,4,71,2,16,0,3,6
2015-07-04,108,55,31,5,26,23,39,0,105,2,28,0,7,7
2015-07-05,92,64,28,6,29,24,67,9,125,3,20,0,5,1
2015-07-06,62,33,20,0,24,17,74,2,97,0,6,0,5,2
2015-07-07,48,37,22,3,28,14,74,7,105,0,2,0,5,3
2015-07-08,54,29,22,0,18,37,55,10,120,0,6,0,4,4
2015-07-09,62,37,22,0,33,35,68,0,125,0,3,0,3,5
2015-07-10,67,36,18,0,29,12,43,6,81,2,5,0,2,6
2015-07-11,59,37,22,0,28,20,52,4,102,0,6,0,4,7
2015-07-12,101,51,20,2,35,16,61,5,115,0,16,0,4,1
2015-07-13,65,29,25,2,24,27,61,7,110,7,11,0,3,2
2015-07-14,67,24,30,1,18,19,58,11,113,7,6,0,5,3
2015-07-15,70,44,27,6,27,26,82,8,131,2,12,0,5,4
2015-07-16,54,35,32,5,42,35,73,10,155,0,4,0,7,5
2015-07-17,69,37,25,3,30,39,79,7,153,5,19,0,10,6
2015-07-18,71,45,23,4,19,21,34,7,99,3,12,0,8,7
2015-07-19,90,42,37,3,28,9,55,3,106,3,20,0,3,1
2015-07-20,66,36,41,1,26,25,74,8,138,0,12,0,2,2
2015-07-21,61,32,25,1,27,19,57,10,100,6,16,0,6,3
2015-07-22,72,31,32,2,53,31,72,2,161,0,20,0,6,4
2015-07-23,52,33,20,1,20,18,77,9,120,6,23,2,12,5
2015-07-24,68,37,22,1,28,31,71,6,130,6,27,4,7,6
2015-07-25,74,41,31,1,30,28,53,5,124,8,15,0,2,7
2015-07-26,74,45,26,2,31,27,77,9,128,1,17,0,6,1
2015-07-27,63,39,21,2,32,15,64,19,115,1,9,2,10,2
2015-07-28,46,32,17,0,32,19,59,14,106,0,7,0,8,3
2015-07-29,58,33,26,1,27,17,63,8,107,3,8,2,10,4
2015-07-30,74,39,23,2,32,33,101,6,150,2,25,0,3,5
2015-07-31,67,27,36,0,25,16,56,13,94,1,11,0,6,6
2015-08-01,96,41,28,4,24,21,56,0,131,0,19,0,7,7
2015-08-02,89,46,33,5,21,7,61,2,115,2,21,0,4,1
2015-08-03,69,26,22,1,27,21,79,2,136,5,22,0,8,2
2015-08-04,67,27,37,1,25,26,76,5,142,3,24,0,5,3
2015-08-05,65,36,14,1,30,22,109,10,135,10,16,4,6,4
2015-08-06,45,28,31,2,25,26,56,6,107,2,10,0,5,5
2015-08-07,58,44,16,4,38,32,70,7,105,0,9,0,6,6
2015-08-08,86,48,29,4,29,17,67,4,123,1,11,2,5,7
2015-08-09,82,44,25,3,17,14,67,10,112,1,13,0,6,1
2015-08-10,65,31,14,2,13,15,68,12,106,1,18,0,3,2
2015-08-11,63,36,27,0,25,22,65,12,114,3,4,0,2,3
2015-08-12,58,28,28,2,26,42,74,8,165,3,18,0,5,4
2015-08-13,60,27,33,1,37,31,102,8,168,0,18,0,2,5
2015-08-14,56,38,20,1,25,15,62,5,101,4,13,4,6,6
2015-08-15,66,31,23,3,31,22,51,3,104,0,11,0,3,7
2015-08-16,96,43,27,5,18,14,34,2,118,5,9,2,7,1
2015-08-17,62,26,30,1,26,13,66,18,97,2,10,2,4,2
2015-08-18,55,29,26,1,26,29,67,13,109,5,16,2,2,3
2015-08-19,53,32,26,2,36,29,70,13,153,6,22,3,0,4
2015-08-20,50,30,21,2,19,33,70,4,143,6,24,8,6,5
2015-08-21,71,31,25,3,40,23,63,9,133,8,19,2,4,6
2015-08-22,79,41,24,4,29,17,56,10,109,2,11,2,4,7
2015-08-23,75,49,27,1,32,16,59,6,110,2,21,0,7,1
2015-08-24,73,35,31,2,34,19,59,4,116,5,18,4,8,2
2015-08-25,66,35,29,1,29,10,67,11,110,15,20,10,6,3
2015-08-26,46,33,20,4,29,28,62,6,134,2,4,2,6,4
2015-08-27,54,26,15,2,21,20,64,5,86,3,3,6,5,5
2015-08-28,49,36,16,1,40,19,68,4,109,2,11,2,9,6
2015-08-29,86,44,23,4,24,22,69,8,105,0,12,0,1,7
2015-08-30,86,39,31,2,21,16,66,14,129,2,16,0,6,1
2015-08-31,56,25,24,1,23,21,72,9,126,1,8,1,4,2
2015-09-01,73,38,26,0,38,27,53,8,115,4,20,2,5,3
2015-09-02,68,31,29,0,39,33,73,15,152,14,8,14,3,4
2015-09-03,55,23,19,0,19,23,76,12,126,10,6,7,0,5
2015-09-04,53,31,20,1,37,32,82,9,143,6,12,5,4,6
2015-09-05,87,44,25,4,33,19,58,18,133,0,10,0,0,7
2015-09-06,86,56,29,3,34,14,53,2,108,0,17,0,8,1
2015-09-07,66,43,35,3,19,17,43,9,92,0,4,0,6,2
2015-09-08,64,25,29,6,26,22,79,12,135,1,13,0,8,3
2015-09-09,60,44,21,0,22,31,75,11,141,10,5,10,3,4
2015-09-10,47,41,17,6,30,31,58,8,110,2,11,2,6,5
2015-09-11,56,42,18,1,28,21,67,6,92,10,19,10,10,6
2015-09-12,80,37,24,4,12,14,43,8,104,0,14,0,3,7
2015-09-13,77,45,33,1,35,21,74,10,135,0,21,0,4,1
2015-09-14,57,23,23,1,18,15,52,5,110,9,10,10,2,2
2015-09-15,54,33,22,1,29,18,49,2,110,10,20,6,6,3
2015-09-16,46,39,24,0,35,18,57,11,118,4,8,4,3,4
2015-09-17,52,36,19,3,18,14,67,3,110,5,14,6,10,5
2015-09-18,56,26,32,0,21,28,72,8,139,9,11,10,5,6
2015-09-19,80,52,21,3,22,19,46,0,92,1,20,2,8,7
2015-09-20,88,44,30,3,25,20,60,14,116,2,14,0,9,1
2015-09-21,53,27,13,0,29,18,58,7,93,2,5,2,4,2
2015-09-22,68,39,28,0,28,22,57,13,112,5,11,2,14,3
2015-09-23,58,37,36,4,31,32,53,2,127,2,8,2,6,4
2015-09-24,59,24,27,2,34,30,70,5,108,8,27,4,5,5
2015-09-25,59,33,21,2,30,24,55,13,107,10,4,8,4,6
2015-09-26,79,35,21,0,21,12,49,8,91,0,15,0,1,7
2015-09-27,85,45,38,3,22,24,49,8,141,0,23,0,4,1
2015-09-28,72,35,21,4,33,25,40,11,107,5,12,6,5,2
2015-09-29,40,37,18,1,25,31,47,17,124,5,11,4,5,3
2015-09-30,52,33,23,0,31,27,58,11,126,13,16,12,12,4
2015-10-01,55,25,34,2,32,23,58,16,107,10,19,11,9,5
2015-10-02,49,26,17,1,31,26,45,7,109,7,25,6,3,6
2015-10-03,63,23,17,0,14,19,41,10,94,3,9,0,2,7
2015-10-04,51,40,21,0,5,16,39,0,86,2,9,1,4,1
2015-10-05,55,29,24,1,21,27,56,12,126,10,10,11,3,2
2015-10-06,48,27,23,1,20,19,55,11,85,8,17,8,12,3
2015-10-07,48,33,17,1,22,24,51,5,105,4,9,4,3,4
2015-10-08,43,31,20,0,21,21,63,8,104,13,19,10,4,5
2015-10-09,67,30,15,2,21,32,66,7,106,9,29,12,6,6
2015-10-10,69,41,21,3,13,10,38,12,99,0,28,0,4,7
2015-10-11,59,37,37,0,26,27,49,13,110,5,10,2,6,1
2015-10-12,57,31,22,1,18,24,49,9,110,4,11,2,6,2
2015-10-13,58,29,37,1,21,24,51,10,128,6,23,6,5,3
2015-10-14,53,26,26,0,32,33,65,9,135,5,15,4,1,4
2015-10-15,49,33,24,0,49,32,64,8,129,15,7,16,3,5
2015-10-16,46,24,13,0,32,32,56,5,116,6,13,2,1,6
2015-10-17,89,42,19,3,18,25,44,6,118,2,39,0,3,7
2015-10-18,62,36,29,1,23,23,43,14,117,0,22,0,1,1
2015-10-19,68,30,17,1,26,40,73,9,148,11,34,6,2,2
2015-10-20,54,36,27,1,45,30,50,7,129,4,6,4,0,3
2015-10-21,59,35,23,1,35,29,73,18,155,11,14,10,4,4
2015-10-22,58,29,26,3,30,43,72,9,154,9,9,12,1,5
2015-10-23,37,25,17,1,14,34,67,3,122,12,13,10,4,6
2015-10-24,78,43,26,3,45,21,57,7,120,7,28,0,4,7
2015-10-25,77,34,24,4,8,16,53,10,128,2,26,4,10,1
2015-10-26,45,33,19,1,24,28,47,5,92,3,25,4,9,2
2015-10-27,50,25,25,2,34,31,70,7,125,13,11,10,4,3
2015-10-28,59,34,12,2,34,27,53,3,129,8,14,8,9,4
2015-10-29,52,26,17,1,24,20,66,4,109,9,11,8,0,5
2015-10-30,64,28,17,1,22,25,50,8,105,2,15,0,5,6
2015-10-31,96,34,20,0,16,22,50,11,116,0,33,0,4,7
2015-11-01,89,37,33,0,23,16,54,10,110,3,19,2,2,1
2015-11-02,63,28,23,1,19,30,63,18,117,4,11,2,3,2
2015-11-03,60,32,19,1,32,27,67,9,143,9,9,11,7,3
2015-11-04,50,38,25,2,39,24,59,12,108,15,26,14,11,4
2015-11-05,47,27,23,0,30,39,60,21,132,8,8,5,9,5
2015-11-06,62,24,32,2,22,41,66,3,129,13,10,10,2,6
2015-11-07,57,45,17,2,21,20,54,6,111,1,20,0,2,7
2015-11-08,75,27,29,2,19,15,46,13,109,0,28,0,3,1
2015-11-09,55,37,17,1,36,19,40,12,90,9,10,8,3,2
2015-11-10,43,36,25,0,17,22,56,13,128,6,9,6,3,3
2015-11-11,56,32,16,0,29,23,53,13,118,7,11,4,7,4
2015-11-12,66,30,25,2,27,41,77,23,160,9,20,6,10,5
2015-11-13,59,33,25,2,23,28,36,19,108,3,17,3,3,6
2015-11-14,55,38,15,2,19,18,30,6,94,1,22,2,4,7
2015-11-15,52,39,23,4,27,17,43,8,105,7,20,0,3,1
2015-11-16,60,41,20,1,24,36,57,8,156,4,12,4,3,2
2015-11-17,65,31,21,0,30,26,41,9,136,7,9,5,1,3
2015-11-18,41,22,21,1,23,27,52,9,100,19,12,17,3,4
2015-11-19,38,39,20,0,26,26,38,9,84,7,21,4,3,5
2015-11-20,70,32,24,2,16,29,46,19,111,2,8,2,1,6
2015-11-21,61,35,20,1,13,24,50,4,113,2,39,0,8,7
2015-11-22,54,31,24,6,19,22,35,4,95,0,20,0,5,1
2015-11-23,54,35,15,3,24,24,52,5,116,1,22,1,5,2
2015-11-24,55,23,26,6,24,33,42,7,117,1,14,0,5,3
2015-11-25,54,41,25,0,33,21,41,10,105,2,19,2,9,4
2015-11-26,58,28,15,0,13,8,39,13,70,3,22,0,5,5
2015-11-27,51,38,22,3,22,19,32,4,79,1,12,2,1,6
2015-11-28,67,51,22,0,19,30,45,20,115,5,41,0,5,7
2015-11-29,60,39,14,1,23,25,39,14,110,0,24,0,3,1
2015-11-30,56,29,19,0,24,25,65,25,136,11,10,8,4,2
2015-12-01,53,31,21,0,33,43,58,17,149,6,8,8,8,3
2015-12-02,42,29,19,4,27,29,63,11,111,9,21,6,4,4
2015-12-03,44,27,17,3,28,27,57,22,125,11,21,10,10,5
2015-12-04,49,37,19,2,24,23,41,4,112,11,16,10,4,6
2015-12-05,77,40,28,2,35,29,54,12,147,4,23,0,3,7
2015-12-06,66,38,26,5,19,22,46,18,142,3,38,0,3,1
2015-12-07,46,25,12,0,10,18,38,11,93,0,11,0,0,2
2015-12-08,62,30,17,1,32,40,74,9,182,12,22,12,4,3
2015-12-09,50,32,26,0,11,35,67,8,169,10,10,8,7,4
2015-12-10,70,27,25,2,22,35,53,13,140,7,20,8,1,5
2015-12-11,56,27,28,2,20,20,46,14,105,9,17,6,4,6
2015-12-12,57,40,24,2,27,26,44,12,109,6,25,2,1,7
2015-12-13,72,42,22,2,31,11,49,16,116,0,30,0,4,1
2015-12-14,59,35,16,0,29,23,52,22,123,10,13,8,8,2
2015-12-15,60,28,20,2,17,33,74,12,136,9,19,4,7,3
2015-12-16,58,41,14,1,15,26,56,14,137,5,18,6,1,4
2015-12-17,56,35,14,1,28,27,50,9,135,4,21,4,3,5
2015-12-18,49,30,19,0,37,38,66,5,148,7,16,8,9,6
2015-12-19,76,38,18,1,19,23,45,30,140,6,26,0,3,7
2015-12-20,75,40,22,3,19,27,54,10,145,1,23,2,1,1
2015-12-21,57,44,19,2,28,30,49,14,144,0,14,0,6,2
2015-12-22,54,32,21,1,31,34,63,24,146,0,12,0,3,3
2015-12-23,56,41,20,2,21,23,43,17,136,0,17,0,4,4
2015-12-24,51,38,17,1,24,13,44,4,91,1,13,0,7,5
2015-12-25,63,36,24,3,23,11,22,17,92,3,18,0,4,6
2015-12-26,67,43,27,2,23,11,32,9,91,4,21,0,7,7
2015-12-27,76,44,27,1,32,19,50,17,137,0,12,0,5,1
2015-12-28,63,34,20,0,21,14,35,17,98,3,31,0,4,2
2015-12-29,52,26,26,0,17,14,37,11,91,0,11,0,0,3
2015-12-30,47,29,17,0,35,34,63,0,140,0,8,0,6,4
2015-12-31,66,24,21,1,20,29,53,15,143,0,36,0,2,5
2016-01-01,91,56,44,2,22,39,63,7,187,4,54,0,16,6
2016-01-02,66,29,24,0,18,19,42,7,120,0,36,0,9,7
2016-01-03,76,36,31,1,37,24,49,16,140,8,33,0,6,1
2016-01-04,59,26,28,0,35,20,62,27,121,14,22,4,2,2
2016-01-05,53,33,19,0,36,29,52,10,123,2,23,2,8,3
2016-01-06,48,35,21,1,21,37,57,6,133,6,16,4,12,4
2016-01-07,69,32,26,2,34,39,58,12,171,10,25,10,8,5
2016-01-08,58,36,26,2,31,44,63,8,153,14,22,9,7,6
2016-01-09,68,34,33,0,32,25,43,14,101,2,46,0,8,7
2016-01-10,49,27,26,0,21,19,54,16,117,5,22,0,8,1
2016-01-11,65,34,18,2,38,36,73,25,153,5,33,3,5,2
2016-01-12,52,28,27,2,22,31,50,6,117,6,16,4,2,3
2016-01-13,57,31,30,0,40,33,72,17,149,17,21,18,6,4
2016-01-14,50,20,20,1,23,38,47,12,145,8,15,6,5,5
2016-01-15,56,38,12,0,29,21,55,14,125,8,18,4,6,6
2016-01-16,72,38,16,0,35,32,50,17,135,0,24,0,6,7
2016-01-17,57,36,22,3,33,25,37,16,120,0,23,0,8,1
2016-01-18,53,29,17,1,32,16,35,7,104,3,25,0,8,2
2016-01-19,43,29,20,0,21,32,56,17,131,12,9,8,10,3
2016-01-20,42,29,20,0,23,38,60,7,142,12,22,8,3,4
2016-01-21,46,27,18,0,23,28,56,2,120,3,15,3,5,5
2016-01-22,43,31,14,0,20,32,62,14,151,14,27,10,4,6
2016-01-23,67,42,22,2,20,22,37,10,132,7,27,2,7,7
2016-01-24,42,23,22,0,26,17,52,18,99,0,25,0,5,1
2016-01-25,75,39,21,3,24,34,55,12,155,7,29,4,7,2
2016-01-26,57,30,22,2,35,45,64,19,146,6,15,2,2,3
2016-01-27,49,41,21,3,52,51,68,17,169,11,26,6,8,4
2016-01-28,60,30,24,2,33,39,73,20,156,0,11,0,8,5
2016-01-29,69,39,28,0,27,47,69,9,184,16,22,12,8,6
2016-01-30,86,49,24,1,22,28,55,15,149,3,54,0,16,7
2016-01-31,68,33,39,0,40,36,62,17,165,0,37,0,8,1
2016-02-01,52,26,20,0,27,41,67,18,150,4,17,2,9,2
2016-02-02,64,20,24,0,23,29,51,2,122,10,14,4,6,3
2016-02-03,46,24,23,1,40,43,63,3,127,10,19,8,5,4
2016-02-04,48,35,21,3,47,38,60,0,143,6,16,4,5,5
2016-02-05,52,35,18,1,54,43,57,19,140,6,22,4,3,6
2016-02-06,60,36,15,4,40,31,40,11,107,12,37,2,9,7
2016-02-07,64,46,23,4,30,30,45,14,141,0,24,0,4,1
2016-02-08,58,24,23,0,36,32,52,7,137,4,25,0,9,2
2016-02-09,46,24,14,0,23,34,53,5,113,17,13,12,10,3
2016-02-10,35,28,20,1,47,35,57,8,135,2,10,2,9,4
2016-02-11,29,32,19,0,38,44,46,6,145,4,21,4,12,5
2016-02-12,42,26,22,0,26,31,66,5,119,13,21,8,11,6
2016-02-13,47,33,19,1,26,26,55,7,119,0,22,0,5,7
2016-02-14,51,28,19,2,17,16,52,16,87,3,22,0,6,1
2016-02-15,49,27,20,1,18,18,63,11,102,2,20,2,5,2
2016-02-16,47,34,23,1,27,16,48,8,94,16,23,9,7,3
2016-02-17,50,25,21,0,16,52,71,15,152,15,20,10,7,4
2016-02-18,50,24,32,0,35,26,88,20,139,13,23,16,5,5
2016-02-19,54,28,19,3,39,38,77,10,135,4,9,2,4,6
2016-02-20,76,38,32,7,26,18,46,10,110,8,33,0,6,7
2016-02-21,61,43,35,4,28,23,77,11,136,9,45,2,20,1
2016-02-22,49,25,21,0,34,31,75,8,121,10,34,8,5,2
2016-02-23,52,35,15,3,26,34,89,5,120,15,41,10,8,3
2016-02-24,40,22,19,0,46,31,59,17,125,6,16,4,7,4
2016-02-25,39,20,15,5,27,30,58,13,105,4,9,4,3,5
2016-02-26,50,23,18,2,22,22,67,5,108,9,22,6,8,6
2016-02-27,72,32,24,2,14,22,46,5,107,3,25,0,6,7
2016-02-28,64,33,21,2,16,25,53,3,100,4,22,0,8,1
2016-02-29,60,23,18,1,15,27,76,2,130,12,27,7,8,2
2016-03-01,63,28,22,1,22,46,72,20,157,7,27,2,8,3
2016-03-02,35,28,22,0,22,29,60,13,113,8,9,10,3,4
2016-03-03,46,21,21,1,39,41,94,13,145,8,20,6,7,5
2016-03-04,59,27,12,1,17,38,64,14,129,11,30,6,10,6
2016-03-05,70,38,28,2,22,33,79,10,148,4,22,0,7,7
2016-03-06,65,33,23,3,26,16,46,2,102,2,25,0,6,1
2016-03-07,67,36,31,4,34,31,74,18,125,9,16,4,10,2
2016-03-08,68,36,26,2,44,39,90,16,163,10,15,4,9,3
2016-03-09,63,26,29,4,20,39,84,14,130,6,18,6,6,4
2016-03-10,49,36,23,1,40,46,92,14,154,13,17,9,10,5
2016-03-11,53,46,18,3,31,32,64,17,126,6,19,6,13,6
2016-03-12,80,28,28,2,25,16,43,0,101,7,36,0,6,7
2016-03-13,61,40,32,2,25,26,50,23,82,0,13,0,7,1
2016-03-14,69,38,17,0,35,28,70,12,129,1,20,2,11,2
2016-03-15,65,29,19,1,25,31,60,17,117,10,19,4,8,3
2016-03-16,59,29,27,1,34,49,80,16,159,9,23,9,7,4
2016-03-17,52,32,18,0,31,47,75,12,153,5,10,6,12,5
2016-03-18,63,35,26,0,27,49,80,21,165,2,21,2,12,6
2016-03-19,63,49,22,2,32,36,45,11,108,2,30,0,6,7
2016-03-20,53,32,30,1,32,25,42,13,92,5,16,0,9,1
2016-03-21,61,36,24,2,34,33,84,12,162,13,14,12,15,2
2016-03-22,59,26,20,0,25,36,79,22,143,4,28,4,8,3
2016-03-23,60,33,30,0,33,35,59,17,136,3,20,2,10,4
2016-03-24,61,41,20,1,43,40,79,10,146,13,29,8,5,5
2016-03-25,60,33,27,3,40,21,55,8,119,7,35,0,16,6
2016-03-26,73,39,22,2,40,40,57,17,162,7,16,4,3,7
2016-03-27,85,39,25,1,26,22,53,11,119,5,21,2,12,1
2016-03-28,75,27,23,1,26,28,68,6,105,4,20,2,2,2
2016-03-29,62,28,37,2,32,26,76,16,145,5,12,6,17,3
2016-03-30,73,30,23,0,34,41,96,18,154,9,16,10,6,4
2016-03-31,66,41,24,1,48,50,70,7,150,0,10,0,7,5
2016-04-01,56,31,16,1,17,37,76,4,133,10,17,6,11,6
2016-04-02,66,41,20,1,16,29,53,15,111,4,26,0,10,7
2016-04-03,72,31,28,0,32,29,36,16,116,2,24,0,6,1
2016-04-04,57,21,21,1,33,36,78,12,142,11,19,8,8,2
2016-04-05,49,25,19,1,20,36,69,6,114,5,41,3,5,3
2016-04-06,62,28,24,0,26,44,82,9,152,10,19,7,7,4
2016-04-07,48,23,16,1,26,32,62,19,109,9,29,4,8,5
2016-04-08,49,30,21,0,27,25,69,8,121,0,13,0,6,6
2016-04-09,56,31,26,3,17,38,56,10,121,4,37,0,5,7
2016-04-10,91,45,20,3,38,33,67,20,154,0,38,0,8,1
2016-04-11,63,34,29,0,28,34,71,28,138,11,10,10,5,2
2016-04-12,52,34,28,0,25,25,67,14,127,4,27,4,11,3
2016-04-13,55,26,27,0,37,29,78,13,139,14,31,11,5,4
2016-04-14,50,26,21,0,19,37,65,6,104,3,16,4,6,5
2016-04-15,50,33,29,1,25,37,67,10,124,10,25,8,6,6
2016-04-16,81,46,21,3,13,37,79,11,158,8,22,4,5,7
2016-04-17,82,60,35,4,41,31,54,20,127,5,22,2,7,1
2016-04-18,70,28,34,2,21,34,66,8,136,5,12,3,8,2
2016-04-19,70,36,22,4,25,39,87,18,146,4,21,2,10,3
2016-04-20,60,26,18,0,41,33,101,19,148,13,20,7,4,4
2016-04-21,53,19,32,1,28,49,77,10,128,4,26,1,7,5
2016-04-22,45,34,25,6,30,29,76,17,115,9,25,4,12,6
2016-04-23,85,39,21,4,32,25,63,13,107,4,30,2,9,7
2016-04-24,77,44,28,4,14,16,54,5,96,0,22,0,4,1
2016-04-25,76,38,22,2,26,22,59,14,104,5,17,2,9,2
2016-04-26,59,40,21,1,37,26,69,12,106,10,20,6,6,3
2016-04-27,54,35,29,3,51,42,69,7,120,25,38,15,10,4
2016-04-28,56,35,21,1,30,40,93,16,143,15,8,12,11,5
2016-04-29,66,26,13,2,21,27,58,5,90,12,37,4,22,6
2016-04-30,56,40,29,1,27,22,52,13,106,0,19,0,10,7
2016-05-01,82,26,29,2,35,24,80,15,102,3,19,2,5,1
2016-05-02,54,32,29,0,20,30,62,19,110,9,10,10,7,2
2016-05-03,65,31,18,2,27,32,66,13,109,4,15,2,6,3
2016-05-04,56,32,18,2,33,34,72,8,136,9,19,8,5,4
2016-05-05,55,27,21,5,31,52,83,10,143,12,6,6,4,5
2016-05-06,60,27,23,5,29,26,77,10,110,16,19,13,13,6
2016-05-07,84,50,25,0,31,33,65,18,134,4,24,0,4,7
2016-05-08,87,42,22,1,24,19,46,10,93,6,16,0,6,1
2016-05-09,64,31,27,1,46,28,77,11,137,4,22,4,11,2
2016-05-10,41,43,21,1,13,27,77,17,107,8,13,4,7,3
2016-05-11,60,36,29,3,47,41,89,13,148,13,17,10,3,4
2016-05-12,58,30,27,0,21,31,79,21,109,10,22,5,8,5
2016-05-13,65,33,14,0,41,27,48,7,87,11,22,8,7,6
2016-05-14,93,34,17,3,16,25,38,8,101,8,26,1,9,7
2016-05-15,79,41,28,3,22,17,42,18,94,5,20,4,11,1
2016-05-16,61,26,27,0,36,33,37,9,121,4,20,4,4,2
2016-05-17,58,27,23,2,30,37,55,13,119,4,19,2,8,3
2016-05-18,75,27,29,2,31,31,48,11,105,7,21,6,6,4
2016-05-19,56,35,23,1,53,48,87,13,166,14,17,16,6,5
2016-05-20,68,29,24,2,44,26,43,15,105,8,20,4,7,6
2016-05-21,81,23,24,1,22,23,45,13,92,9,29,2,6,7
2016-05-22,72,37,30,3,28,17,42,12,105,2,21,0,4,1
2016-05-23,72,34,23,2,25,35,56,41,140,11,4,6,3,2
2016-05-24,52,28,27,2,40,19,50,19,107,6,9,2,9,3
2016-05-25,91,37,28,0,35,33,60,12,129,7,25,3,3,4
2016-05-26,75,40,18,2,30,36,60,5,123,10,18,4,4,5
2016-05-27,69,34,17,1,27,31,42,7,110,17,27,4,7,6
2016-05-28,81,42,26,0,13,26,33,9,101,2,17,0,3,7
2016-05-29,93,37,21,5,30,21,42,18,102,2,38,0,6,1
2016-05-30,63,40,27,2,27,21,47,17,119,0,5,0,7,2
2016-05-31,63,39,21,4,32,40,57,21,164,0,14,0,10,3
2016-06-01,46,43,32,1,29,42,61,7,135,7,10,4,9,4
2016-06-02,41,30,23,0,20,33,57,5,103,4,24,4,7,5
2016-06-03,56,38,23,0,20,40,52,17,122,7,18,2,9,6
2016-06-04,79,39,29,2,21,20,39,3,94,0,10,0,2,7
2016-06-05,84,32,33,6,29,29,36,9,101,5,12,0,9,1
2016-06-06,61,37,23,1,22,17,50,7,109,10,18,4,3,2
2016-06-07,57,31,26,2,29,32,45,22,119,17,38,4,6,3
2016-06-08,75,40,29,4,22,46,70,10,149,9,23,6,7,4
2016-06-09,61,37,21,3,39,37,46,11,122,5,9,1,5,5
2016-06-10,62,36,29,1,31,24,50,13,106,3,14,2,6,6
2016-06-11,84,48,22,6,21,18,38,14,95,2,29,0,10,7
2016-06-12,75,39,23,6,38,25,57,14,129,2,21,0,8,1
2016-06-13,66,34,21,3,17,29,65,13,110,2,13,0,3,2
2016-06-14,59,36,19,4,30,44,44,12,122,4,16,2,8,3
2016-06-15,43,28,23,3,29,42,61,6,136,4,4,4,4,4
2016-06-16,55,33,24,3,37,48,65,7,155,5,19,4,4,5
2016-06-18,82,49,24,6,29,37,41,13,139,5,17,0,10,7
2016-06-19,91,38,32,5,32,27,46,15,121,6,15,0,9,1
2016-06-20,73,37,24,3,22,46,54,33,139,5,22,0,4,2
2016-06-21,79,27,21,7,36,33,55,9,126,2,0,0,5,3
2016-06-22,60,32,26,5,39,34,45,17,121,0,19,0,6,4
2016-06-23,50,30,19,3,23,35,39,17,101,5,8,2,7,5
2016-06-24,77,49,12,6,34,33,48,18,107,5,15,4,13,6
2016-06-25,80,43,18,10,35,29,41,15,101,6,25,0,1,7
2016-06-26,107,55,22,7,30,28,48,20,127,4,3,0,4,1
2016-06-27,79,34,35,2,36,35,49,4,124,2,20,2,5,2
2016-06-28,67,47,19,4,35,37,56,10,143,2,16,0,14,3
2016-06-29,66,33,22,4,11,26,41,18,111,11,22,2,10,4
2016-06-30,54,34,20,4,28,36,54,13,134,5,13,3,4,5
2016-07-01,51,45,19,3,14,37,45,8,123,4,5,0,9,6
2016-07-02,84,46,28,3,33,22,47,9,99,6,23,0,18,7
2016-07-03,84,44,25,5,19,19,43,17,102,2,37,0,8,1
2016-07-04,117,48,39,11,34,34,56,12,120,10,21,0,4,2
2016-07-05,90,47,29,2,37,30,46,23,133,4,12,0,10,3
2016-07-06,87,34,27,1,22,50,51,19,147,5,37,0,15,4
2016-07-07,56,30,19,12,33,36,46,5,114,2,19,0,9,5
2016-07-08,61,29,18,3,25,34,47,7,115,11,25,0,4,6
2016-07-09,63,45,30,1,28,25,51,25,130,0,9,0,4,7
2016-07-10,80,40,32,3,38,21,39,6,120,5,15,2,6,1
2016-07-11,70,38,27,4,29,28,48,3,120,7,26,0,10,2
2016-07-12,69,26,28,5,39,36,66,19,130,0,23,0,7,3
2016-07-13,64,32,24,8,19,32,75,8,134,2,20,0,13,4
2016-07-14,60,35,9,5,29,21,43,16,89,8,32,0,7,5
2016-07-15,68,34,23,6,18,35,46,26,122,6,30,2,6,6
2016-07-16,86,52,21,8,27,38,56,15,146,8,24,2,8,7
2016-07-17,118,54,29,11,33,27,66,30,172,10,28,1,10,1
2016-07-18,63,37,34,1,31,34,54,5,142,5,9,0,9,2
2016-07-19,68,29,31,7,27,46,76,9,188,4,12,2,3,3
2016-07-20,81,44,15,5,36,44,64,13,146,6,13,0,15,4
2016-07-21,52,29,19,2,25,31,38,18,102,4,11,2,2,5
2016-07-22,67,26,21,2,30,29,35,15,96,3,12,0,8,6
2016-07-23,117,42,22,8,34,37,43,7,134,7,14,0,8,7
2016-07-24,92,47,44,10,36,30,58,22,147,3,25,0,11,1
2016-07-25,88,37,30,6,31,41,72,30,150,4,18,0,10,2
2016-07-26,69,37,35,5,33,42,61,25,142,10,16,0,11,3
2016-07-27,73,43,24,5,47,47,70,26,175,8,7,1,14,4
2016-07-28,54,46,32,7,34,34,64,15,146,9,16,0,11,5
2016-07-29,72,32,28,6,34,44,47,24,116,6,15,0,3,6
2016-07-30,97,52,32,6,33,23,50,17,108,2,19,0,12,7
2016-07-31,84,50,28,4,34,23,48,11,119,12,23,0,15,1
2016-08-01,61,37,27,4,40,40,57,13,150,4,22,0,5,2
2016-08-02,84,36,24,6,39,40,59,16,136,9,24,0,6,3
2016-08-03,72,34,40,2,25,43,63,16,137,5,9,0,4,4
2016-08-04,82,33,34,3,31,40,65,9,148,3,9,2,4,5
2016-08-05,93,40,21,8,49,50,54,15,164,1,16,0,7,6
2016-08-06,86,46,31,5,32,22,68,25,131,13,33,0,11,7
2016-08-07,109,50,33,8,29,24,55,31,148,3,20,0,13,1
2016-08-08,82,41,28,6,44,34,45,10,132,12,22,0,10,2
2016-08-09,64,36,23,3,34,33,58,28,123,5,30,0,6,3
2016-08-10,69,44,30,10,29,36,51,27,151,6,14,2,5,4
2016-08-11,78,30,40,5,33,47,62,24,147,13,20,6,4,5
2016-08-12,71,53,29,8,21,44,64,5,142,4,31,2,10,6
2016-08-13,87,48,32,13,47,42,48,11,139,5,12,0,8,7
2016-08-14,103,51,26,7,30,36,52,13,130,10,8,0,12,1
2016-08-15,76,34,38,4,22,34,56,12,125,5,17,2,9,2
2016-08-16,56,46,29,8,49,53,64,7,156,10,8,6,9,3
2016-08-17,72,27,27,6,30,36,57,14,104,5,19,4,5,4
2016-08-18,68,46,28,6,53,41,63,28,141,12,11,3,10,5
2016-08-19,59,36,23,2,48,40,68,25,149,8,18,8,11,6
2016-08-20,95,39,26,6,25,32,47,22,118,7,4,0,9,7
2016-08-21,109,63,32,6,27,35,62,16,150,4,17,0,8,1
2016-08-22,65,47,27,5,12,25,43,12,116,6,4,4,7,2
2016-08-23,69,38,23,4,35,40,59,19,149,4,1,4,8,3
2016-08-24,66,32,22,4,36,33,62,10,123,8,14,4,11,4
2016-08-25,58,31,27,5,38,43,69,5,114,12,21,6,4,5
2016-08-26,67,42,34,4,37,42,58,10,131,1,15,0,7,6
2016-08-27,78,60,31,5,30,35,53,22,128,4,23,0,4,7
2016-08-28,117,54,40,8,43,41,59,26,149,12,27,0,12,1
2016-08-29,72,34,27,9,24,32,56,14,125,8,20,4,10,2
2016-08-30,87,38,28,6,42,50,68,6,175,14,35,6,14,3
2016-08-31,69,37,34,5,38,45,62,18,159,14,46,4,11,4
2016-09-01,72,37,33,2,48,48,81,10,171,14,16,8,6,5
2016-09-02,54,39,27,5,32,48,56,14,139,10,12,4,5,6
2016-09-03,98,42,32,4,36,40,49,20,132,5,17,0,5,7
2016-09-04,92,55,42,5,23,54,60,10,173,1,8,0,7,1
2016-09-05,101,50,44,6,18,35,44,19,116,6,23,2,7,2
2016-09-06,73,34,29,3,35,27,67,12,137,16,20,11,8,3
2016-09-07,79,40,31,4,35,32,45,10,135,9,9,6,12,4
2016-09-08,52,31,24,5,34,21,50,14,94,8,21,8,9,5
2016-09-09,69,30,18,7,38,43,58,22,135,10,12,12,7,6
2016-09-10,89,35,24,3,27,29,33,16,118,7,7,0,4,7
2016-09-11,88,47,39,11,24,34,63,19,162,9,19,3,9,1
2016-09-12,52,42,23,1,26,39,48,18,126,9,21,4,7,2
2016-09-13,65,31,20,5,16,31,63,19,128,10,20,7,5,3
2016-09-14,55,45,30,2,28,42,82,46,170,11,8,10,10,4
2016-09-15,58,32,26,4,33,49,81,10,166,13,27,10,7,5
2016-09-16,62,36,27,8,36,36,65,29,138,8,12,2,3,6
2016-09-17,81,51,34,9,28,27,59,7,124,2,21,0,5,7
2016-09-18,84,41,22,6,35,36,45,14,121,7,24,0,7,1
2016-09-19,56,39,22,4,41,29,69,13,112,5,13,6,7,2
2016-09-20,62,29,29,3,30,32,68,9,118,13,16,10,9,3
2016-09-21,71,41,22,0,43,29,62,26,137,11,17,8,5,4
2016-09-22,56,23,21,2,14,46,62,4,138,7,8,8,6,5
2016-09-23,54,42,26,4,37,31,56,24,119,4,11,4,5,6
2016-09-24,73,41,29,2,18,19,40,9,95,7,19,4,5,7
2016-09-25,95,55,25,4,30,32,54,17,123,12,24,0,7,1
2016-09-26,74,29,30,5,36,31,48,6,145,12,29,8,4,2
2016-09-27,55,28,27,5,19,33,44,2,97,19,9,10,4,3
2016-09-28,66,38,18,3,27,44,68,16,148,12,36,6,14,4
2016-09-29,59,38,16,3,40,50,71,11,173,13,22,11,6,5
2016-09-30,53,38,28,0,41,26,50,14,111,11,20,6,10,6
2016-10-01,87,44,38,5,25,38,52,9,134,8,24,2,8,7
2016-10-02,86,35,26,1,24,20,38,4,97,4,27,0,9,1
2016-10-03,55,31,25,4,16,25,50,24,125,12,29,7,9,2
2016-10-04,58,30,27,2,40,40,49,4,103,15,23,6,14,3
2016-10-05,58,31,21,2,28,37,65,18,130,23,21,19,12,4
2016-10-06,55,27,24,3,34,36,55,3,125,3,3,4,2,5
2016-10-07,48,33,16,2,26,42,60,9,118,4,17,2,6,6
2016-10-08,71,35,45,5,37,22,54,10,133,2,23,0,7,7
2016-10-09,75,50,32,3,28,37,49,11,138,6,27,0,14,1
2016-10-10,88,43,28,0,26,25,51,13,130,5,2,2,5,2
2016-10-11,67,40,24,4,29,25,51,29,116,6,17,6,5,3
2016-10-12,76,38,12,5,36,49,64,21,170,8,21,2,12,4
2016-10-13,73,30,32,2,46,39,74,17,143,14,15,4,6,5
2016-10-14,66,39,27,3,38,35,63,16,116,6,14,4,2,6
2016-10-15,100,56,37,5,23,25,55,20,116,8,35,2,6,7
2016-10-16,102,55,39,4,31,20,57,18,128,14,38,7,15,1
2016-10-17,63,31,26,5,21,24,54,13,108,12,31,6,9,2
2016-10-18,69,46,32,4,29,37,64,20,162,13,6,12,6,3
2016-10-19,73,34,41,6,39,54,82,24,199,17,4,4,3,4
2016-10-20,55,18,42,1,39,45,77,11,169,18,24,11,8,5
2016-10-21,63,28,28,7,33,43,61,22,143,10,18,6,6,6
2016-10-22,88,46,23,6,25,22,51,15,115,4,28,0,6,7
2016-10-23,87,51,31,9,37,22,29,21,102,5,15,4,8,1
2016-10-24,69,41,31,3,29,33,51,5,129,5,25,2,6,2
2016-10-25,70,44,39,8,40,49,71,17,165,10,23,10,14,3
2016-10-26,71,36,36,4,22,46,44,16,126,2,24,2,12,4
2016-10-27,55,46,25,4,39,44,60,15,134,15,25,8,7,5
2016-10-28,48,40,31,4,30,30,49,4,116,12,15,6,12,6
2016-10-29,93,47,33,6,35,31,49,20,140,5,27,2,8,7
2016-10-30,92,51,33,8,42,19,67,22,137,0,20,0,4,1
2016-10-31,87,38,31,9,25,29,67,12,158,10,18,2,5,2
2016-11-01,74,42,36,4,31,54,83,24,185,13,10,10,4,3
2016-11-02,70,40,25,8,50,50,51,0,139,10,38,8,15,4
2016-11-03,70,35,23,6,26,45,54,10,139,8,21,6,9,5
2016-11-04,66,37,22,3,50,38,60,15,154,14,25,10,8,6
2016-11-05,65,54,33,6,33,44,56,10,148,16,25,0,3,7
2016-11-06,87,56,43,3,41,18,43,9,102,7,38,2,12,1
2016-11-07,62,46,25,2,26,25,37,0,86,4,28,5,13,2
2016-11-08,53,34,21,6,21,28,56,8,113,8,18,4,2,3
2016-11-09,46,16,21,5,26,33,78,11,139,14,21,15,2,4
2016-11-10,63,36,19,2,36,39,59,16,145,17,26,6,10,5
2016-11-11,68,43,19,3,24,33,62,27,154,6,44,6,13,6
2016-11-12,91,40,28,5,23,26,60,11,117,4,53,0,8,7
2016-11-13,99,37,30,5,20,17,48,19,118,14,58,0,13,1
2016-11-14,63,46,28,2,26,39,55,15,148,16,13,12,7,2
2016-11-15,71,35,25,1,27,43,77,21,172,15,27,8,7,3
2016-11-16,68,32,31,2,34,41,63,20,158,7,26,2,15,4
2016-11-17,66,40,33,7,44,62,70,10,148,23,22,14,7,5
2016-11-18,72,51,28,3,51,49,57,16,162,6,17,4,7,6
2016-11-19,78,44,32,1,30,44,56,15,132,2,18,0,10,7
2016-11-20,66,43,23,3,23,23,47,7,111,0,43,0,11,1
2016-11-21,57,35,19,4,16,23,46,12,115,1,3,0,2,2
2016-11-22,76,43,21,3,41,56,67,27,164,7,29,0,7,3
2016-11-23,54,40,20,5,38,46,80,14,186,5,17,2,11,4
2016-11-24,74,30,34,2,15,15,36,11,86,3,34,0,5,5
2016-11-25,70,47,20,2,25,39,45,16,103,6,27,0,7,6
2016-11-26,85,45,46,7,30,55,67,12,173,2,44,0,16,7
2016-11-27,108,48,49,4,15,33,51,29,138,0,44,0,7,1
2016-11-28,62,48,29,7,38,40,73,11,152,10,28,8,5,2
2016-11-29,64,39,31,5,35,30,60,18,132,10,19,10,4,3
2016-11-30,65,46,39,6,31,50,82,12,189,13,18,10,9,4
2016-12-01,76,31,22,4,31,59,94,20,183,24,20,22,2,5
2016-12-02,65,52,29,2,34,56,66,16,150,6,34,4,10,6
2016-12-03,79,41,25,4,17,28,51,13,123,7,15,2,3,7
2016-12-04,73,45,31,1,21,36,45,5,132,5,21,0,6,1
2016-12-05,60,31,27,6,27,42,84,27,166,18,22,11,13,2
2016-12-06,58,33,26,6,27,39,53,9,120,9,5,6,8,3
2016-12-07,55,26,28,4,33,44,63,13,138,16,12,12,7,4
2016-12-08,73,35,14,2,20,51,69,16,177,8,21,8,10,5
2016-12-09,69,49,24,6,17,52,63,25,167,9,18,4,6,6
2016-12-10,67,33,22,1,22,33,61,27,128,3,19,2,6,7
2016-12-11,80,45,25,6,31,32,69,28,133,4,20,0,6,1
2016-12-12,68,41,26,4,46,50,79,16,155,9,36,7,9,2
2016-12-13,64,33,24,1,19,57,66,20,172,8,26,8,10,3
2016-12-14,58,36,26,2,14,41,82,25,174,8,25,8,8,4
2016-12-15,59,28,19,3,27,61,73,17,155,8,38,4,9,5
2016-12-16,48,29,21,3,23,41,58,18,138,6,9,4,6,6
2016-12-17,69,57,41,8,31,30,50,32,144,10,31,2,11,7
2016-12-18,50,29,28,1,9,16,44,14,83,3,30,0,4,1
2016-12-19,42,34,29,5,25,27,69,16,141,10,15,2,5,2
2016-12-20,63,39,23,4,17,50,83,8,188,6,22,5,5,3
2016-12-21,62,41,25,4,51,47,62,14,134,10,15,4,12,4
2016-12-22,61,37,21,5,23,39,46,13,141,2,11,0,4,5
2016-12-23,71,51,23,2,19,36,49,24,140,7,22,0,12,6
2016-12-24,65,46,28,6,16,24,39,16,107,4,26,0,7,7
2016-12-25,56,42,33,3,19,13,43,18,97,5,17,0,6,1
2016-12-26,74,48,27,0,22,18,56,15,130,3,26,0,4,2
2016-12-27,78,38,28,3,43,36,70,20,151,0,28,0,4,3
2016-12-28,76,45,26,2,26,60,74,16,184,6,21,0,5,4
2016-12-29,84,34,35,5,37,56,80,23,208,4,27,3,6,5
2016-12-30,53,44,23,4,27,44,67,26,143,3,29,0,8,6
2016-12-31,84,54,39,3,12,45,67,14,143,15,101,0,21,7
2017-01-01,134,63,115,9,42,65,78,19,209,7,69,0,13,1
2017-01-02,81,37,29,2,17,26,65,32,147,7,29,4,5,2
2017-01-03,85,40,44,2,31,45,57,18,151,6,24,4,14,3
2017-01-04,50,31,41,4,24,53,74,15,178,6,26,4,9,4
2017-01-05,41,28,22,5,26,59,72,7,170,9,9,6,7,5
2017-01-06,49,27,20,5,30,45,63,12,123,17,8,16,7,6
2017-01-07,63,42,18,1,31,38,53,7,121,6,33,0,10,7
2017-01-08,51,43,20,1,24,30,52,22,128,1,13,0,6,1
2017-01-09,52,43,23,2,36,48,83,15,182,11,9,10,8,2
2017-01-10,61,38,33,4,36,48,67,15,166,13,11,8,9,3
2017-01-11,67,38,28,5,19,57,64,13,164,9,28,6,10,4
2017-01-12,76,34,20,5,42,48,76,28,170,8,18,6,8,5
2017-01-13,67,43,22,6,35,61,68,15,160,14,18,12,8,6
2017-01-14,87,41,34,4,17,48,54,43,174,5,48,0,12,7
2017-01-15,79,47,36,4,23,34,42,28,118,6,29,0,5,1
2017-01-16,92,47,30,5,27,29,53,33,120,7,22,0,9,2
2017-01-17,79,35,30,5,31,50,67,20,169,15,23,4,7,3
2017-01-18,69,47,21,4,48,61,77,16,172,11,25,6,12,4
2017-01-19,64,32,21,5,22,55,62,30,168,10,9,10,1,5
2017-01-20,58,37,21,5,31,57,83,24,191,20,16,17,6,6
2017-01-21,81,45,32,7,24,43,63,34,144,2,9,0,1,7
2017-01-22,66,41,41,4,31,34,54,24,135,2,18,4,5,1
2017-01-23,63,42,27,3,24,40,64,18,144,7,17,7,13,2
2017-01-25,66,31,23,4,35,68,70,16,179,11,17,10,8,4
2017-01-26,63,42,22,7,38,52,65,21,176,16,15,10,13,5
2017-01-27,71,37,26,7,23,72,68,5,180,21,18,19,9,6
2017-01-28,97,42,29,1,26,48,51,12,141,2,35,0,4,7
2017-01-29,75,47,29,2,14,41,40,20,137,2,12,0,6,1
2017-01-30,68,44,30,2,26,36,51,14,142,13,13,8,9,2
2017-01-31,57,39,20,7,16,70,70,9,169,23,16,16,4,3
2017-02-01,59,38,27,3,24,53,72,16,161,18,20,14,12,4
2017-02-02,51,32,23,2,27,55,57,15,154,16,15,8,9,5
2017-02-03,55,40,26,5,36,61,70,17,142,32,26,18,12,6
2017-02-04,60,40,33,1,19,25,40,24,101,8,12,0,6,7
2017-02-05,71,40,25,3,21,26,47,13,91,5,10,0,3,1
2017-02-06,68,36,30,8,35,38,68,11,147,11,18,8,12,2
2017-02-07,77,46,23,7,47,73,79,18,201,14,21,10,11,3
2017-02-08,56,36,20,4,20,45,60,17,139,6,10,6,5,4
2017-02-09,61,28,27,6,20,42,67,38,145,18,30,14,11,5
2017-02-10,51,32,27,5,50,65,77,17,184,11,16,10,5,6
2017-02-11,89,42,36,7,27,52,78,15,168,2,37,0,11,7
2017-02-12,90,45,26,6,16,34,35,12,124,4,34,0,7,1
2017-02-13,54,36,28,3,39,43,66,5,146,13,19,8,13,2
2017-02-14,38,44,36,6,24,43,79,15,156,18,7,14,11,3
2017-02-15,53,43,25,6,35,48,56,12,136,8,6,9,12,4
2017-02-16,52,34,17,5,20,55,71,18,147,14,9,14,7,5
2017-02-17,64,35,38,6,25,54,50,22,151,9,23,4,10,6
2017-02-18,78,40,29,5,27,34,61,19,145,2,8,2,4,7
2017-02-19,97,42,56,5,37,47,67,14,154,14,34,0,14,1
2017-02-20,79,33,28,3,42,41,65,17,137,3,25,2,8,2
2017-02-21,54,36,28,6,37,42,78,25,150,11,15,6,7,3
2017-02-22,75,35,28,6,21,48,63,19,136,1,32,0,13,4
2017-02-23,61,35,26,2,34,45,69,15,157,10,22,4,6,5
2017-02-24,54,30,27,2,32,58,87,17,166,6,31,2,6,6
2017-02-25,64,27,29,6,29,49,47,10,131,2,21,0,4,7
2017-02-26,40,32,27,4,26,42,49,5,119,4,15,2,3,1
2017-02-27,50,31,35,2,29,50,72,5,164,12,21,8,11,2
2017-02-28,64,29,28,7,31,72,73,23,174,11,16,12,5,3
2017-03-01,53,27,26,5,31,71,61,20,157,6,16,6,1,4
2017-03-02,48,30,25,3,38,72,74,5,154,7,23,8,11,5
2017-03-03,44,27,27,4,24,55,62,3,127,11,36,10,10,6
2017-03-04,53,50,27,3,16,37,57,21,120,0,14,0,11,7
2017-03-05,65,22,41,5,21,31,36,22,108,9,39,0,7,1
2017-03-06,56,26,30,2,32,29,59,31,140,9,31,6,12,2
2017-03-07,53,29,36,4,38,47,54,19,132,12,22,10,9,3
2017-03-08,48,37,31,3,39,29,55,11,131,13,25,12,16,4
2017-03-09,56,32,27,5,25,61,76,17,165,8,24,6,8,5
2017-03-10,61,29,21,6,38,35,49,5,104,12,33,4,14,6
2017-03-11,53,32,31,3,13,26,34,10,94,2,12,0,7,7
2017-03-12,45,34,39,3,26,40,32,5,119,10,9,0,12,1
2017-03-13,44,33,30,2,26,39,52,23,144,2,28,2,9,2
2017-03-14,42,25,21,2,22,42,55,18,126,11,12,10,4,3
2017-03-15,47,36,22,5,25,56,74,18,160,12,12,14,10,4
2017-03-16,50,26,22,7,38,69,85,18,162,19,34,10,7,5
2017-03-17,50,41,28,3,30,46,53,11,111,8,20,2,6,6
2017-03-18,59,38,34,4,33,40,56,9,128,3,15,0,3,7
2017-03-19,68,48,38,3,36,39,60,18,115,10,19,2,11,1
2017-03-20,55,30,50,6,36,47,65,16,145,14,13,8,8,2
2017-03-21,62,25,36,4,38,53,81,11,166,10,15,4,9,3
2017-03-22,61,34,25,8,37,71,85,23,175,4,23,2,6,4
2017-03-23,54,29,33,4,22,44,51,4,115,13,22,10,5,5
2017-03-24,75,47,19,5,32,39,57,22,131,12,34,2,18,6
2017-03-25,91,42,34,5,22,47,73,22,162,8,24,0,10,7
2017-03-26,99,41,43,10,29,44,64,32,153,2,16,0,6,1
2017-03-27,58,45,33,8,48,47,64,9,152,7,17,4,8,2
2017-03-28,67,40,36,6,27,55,73,19,165,12,18,10,10,3
2017-03-29,73,46,38,3,31,61,74,13,172,13,23,4,7,4
2017-03-30,51,37,41,8,25,70,93,22,195,18,18,6,19,5
2017-03-31,55,24,39,3,31,54,69,11,143,6,14,4,4,6
2017-04-01,62,43,34,9,20,44,52,11,135,7,13,2,3,7
2017-04-02,86,37,48,5,13,38,52,16,128,13,32,2,10,1
2017-04-03,59,40,26,6,22,53,67,21,148,10,11,4,14,2
2017-04-04,69,36,43,3,40,52,75,14,155,6,20,6,9,3
2017-04-05,57,32,42,3,35,64,63,16,162,0,19,0,8,4
2017-04-06,62,28,34,7,25,52,68,5,131,10,16,10,4,5
2017-04-07,70,32,33,9,26,37,70,27,119,12,23,11,9,6
2017-04-08,71,33,48,3,26,35,64,9,112,1,37,2,7,7
2017-04-09,94,45,48,4,26,36,42,9,109,7,20,0,5,1
2017-04-10,80,35,34,8,31,61,75,19,164,20,29,14,13,2
2017-04-11,69,40,31,5,29,56,67,2,138,6,14,4,11,3
2017-04-12,58,33,41,2,35,79,93,18,197,15,24,8,8,4
2017-04-13,66,35,32,6,14,59,111,10,171,11,31,4,13,5
2017-04-14,55,45,44,3,31,57,82,7,161,0,19,0,5,6
2017-04-15,96,35,36,9,25,37,67,22,126,13,18,2,3,7
2017-04-16,90,47,54,3,36,33,73,11,131,4,29,0,8,1
2017-04-17,78,32,43,3,25,42,54,25,125,8,22,2,5,2
2017-04-18,70,27,35,4,21,48,77,15,165,14,4,8,5,3
2017-04-19,63,25,42,2,19,41,79,11,126,10,12,8,4,4
2017-04-20,56,37,13,6,23,44,86,14,149,17,3,13,7,5
2017-04-21,54,31,42,5,24,48,73,10,143,6,26,0,7,6
2017-04-22,99,35,59,4,31,45,62,10,100,0,27,0,6,7
2017-04-23,92,42,36,1,27,40,80,17,159,12,23,2,9,1
2017-04-24,68,39,41,3,34,40,53,14,96,2,13,2,10,2
2017-04-25,68,35,27,2,28,46,82,20,149,14,31,14,9,3
2017-04-26,77,37,30,5,42,59,83,27,158,26,11,23,10,4
2017-04-27,46,35,39,5,26,48,70,14,131,14,11,16,7,5
2017-04-28,54,37,22,4,26,40,74,3,131,14,18,8,3,6
2017-04-29,77,44,32,7,30,30,57,11,114,0,18,0,6,7
2017-04-30,71,48,47,8,30,27,37,7,88,7,20,0,10,1
2017-05-01,80,34,35,5,32,22,54,19,127,16,17,16,14,2
2017-05-02,73,35,26,3,33,35,59,4,130,7,37,4,10,3
2017-05-03,54,32,49,5,34,54,87,18,161,15,9,10,17,4
2017-05-04,37,22,22,5,23,38,64,2,114,10,18,8,5,5
2017-05-05,68,40,40,2,35,35,60,18,106,15,31,8,12,6
2017-05-06,60,48,30,1,32,26,55,32,101,7,15,2,4,7
2017-05-07,89,43,46,3,30,50,76,22,155,5,36,0,12,1
2017-05-08,68,42,38,3,16,39,90,3,155,7,16,2,11,2
2017-05-09,67,39,36,4,33,48,81,32,160,7,25,4,7,3
2017-05-10,55,32,34,5,24,59,78,14,171,10,14,3,7,4
2017-05-11,54,37,28,8,23,43,64,9,148,8,16,2,8,5
2017-05-12,61,40,26,7,33,49,79,7,144,14,27,6,10,6
2017-05-13,78,41,41,4,25,34,83,8,135,1,13,0,4,7
2017-05-14,80,51,35,5,13,23,58,25,137,8,21,0,3,1
2017-05-15,85,47,22,8,43,48,62,17,149,18,13,6,12,2
2017-05-16,84,37,37,7,39,49,80,16,155,11,20,2,11,3
2017-05-17,75,35,35,5,35,46,74,6,147,25,18,10,12,4
2017-05-18,59,38,31,4,15,46,72,17,155,9,19,4,5,5
2017-05-19,66,35,29,3,33,37,74,7,129,5,18,2,5,6
2017-05-20,78,38,25,8,26,36,53,13,119,11,27,1,12,7
2017-05-21,79,52,35,4,20,24,61,24,133,6,19,0,7,1
2017-05-22,72,44,30,4,31,38,63,34,157,13,9,4,9,2
2017-05-23,56,36,36,3,25,37,78,21,145,15,32,8,8,3
2017-05-24,68,41,35,2,40,50,80,13,163,10,15,6,5,4
2017-05-25,71,26,26,3,25,50,83,18,171,3,7,2,7,5
2017-05-26,56,38,45,4,26,39,69,13,132,10,8,4,5,6
2017-05-27,97,53,46,7,21,37,47,22,106,10,19,0,9,7
2017-05-28,109,57,52,5,29,41,76,28,134,0,32,0,7,1
2017-05-29,93,46,44,3,39,37,72,21,125,5,18,0,4,2
2017-05-30,78,42,25,4,19,46,91,14,168,8,12,6,6,3
2017-05-31,64,41,30,4,29,43,73,14,154,9,16,2,11,4
2017-06-01,62,31,19,7,14,62,70,10,149,6,28,2,7,5
2017-06-02,65,45,32,7,33,54,93,17,164,7,21,4,14,6
2017-06-03,87,46,25,6,36,40,54,19,120,5,28,0,13,7
2017-06-04,76,44,25,1,17,36,64,16,139,3,18,0,9,1
2017-06-05,68,37,29,6,26,47,62,15,151,3,16,2,7,2
2017-06-06,75,41,27,8,30,59,78,19,163,15,24,4,10,3
2017-06-07,67,37,19,8,29,50,69,13,157,3,8,0,9,4
2017-06-08,66,48,24,8,23,48,87,4,143,13,19,4,9,5
2017-06-09,64,35,22,4,15,32,48,26,96,0,11,0,6,6
2017-06-10,72,40,20,5,17,22,41,12,78,4,23,0,8,7
2017-06-11,99,52,23,6,22,30,54,25,132,2,24,0,9,1
2017-06-12,75,49,21,1,45,29,49,15,97,0,18,0,10,2
2017-06-13,58,37,21,6,29,57,82,13,185,6,10,0,7,3
2017-06-14,49,24,24,5,15,34,62,12,124,5,22,2,8,4
2017-06-15,77,40,21,9,29,59,80,22,172,4,16,2,8,5
2017-06-16,74,41,13,5,22,28,55,8,103,9,25,4,4,6
2017-06-17,90,54,35,5,23,38,71,20,150,9,34,0,10,7
2017-06-18,96,44,27,4,30,10,56,25,110,6,15,0,8,1
2017-06-19,66,52,40,3,33,33,60,14,157,11,15,2,10,2
2017-06-20,67,31,31,7,22,51,85,13,176,5,11,0,6,3
2017-06-21,75,33,32,4,21,39,64,20,156,5,18,2,11,4
2017-06-22,64,33,31,4,26,42,61,11,141,14,26,6,12,5
2017-06-23,69,38,29,1,24,26,50,13,127,1,24,2,12,6
2017-06-24,87,42,27,7,36,25,54,4,132,0,34,0,14,7
2017-06-25,82,44,31,6,17,28,51,15,121,12,14,0,6,1
2017-06-26,68,33,31,4,12,41,68,21,145,16,26,2,3,2
2017-06-27,61,35,26,2,20,35,69,13,139,4,13,2,8,3
2017-06-28,77,41,34,5,25,63,99,21,188,8,19,0,11,4
2017-06-29,75,36,19,4,32,51,74,24,150,11,33,2,11,5
2017-06-30,56,36,19,6,27,29,60,15,108,2,18,0,8,6
2017-07-01,85,48,25,8,31,26,49,24,120,5,28,0,6,7
2017-07-02,109,45,29,6,15,40,56,8,115,8,24,0,5,1
2017-07-03,70,46,20,4,23,35,58,11,122,0,6,0,7,2
2017-07-04,119,60,38,6,39,36,100,27,165,15,51,0,5,3
2017-07-05,100,64,32,5,35,28,57,16,122,9,25,0,4,4
2017-07-06,68,37,24,9,27,47,84,19,167,9,39,0,10,5
2017-07-07,75,36,22,6,36,39,74,12,154,1,26,0,10,6
2017-07-08,88,43,27,5,24,21,59,13,115,9,18,0,5,7
2017-07-09,109,45,27,1,37,34,76,2,120,2,11,0,6,1
2017-07-10,57,23,30,0,38,55,100,8,195,7,10,0,11,2
2017-07-11,62,34,25,4,34,45,84,13,144,3,7,2,5,3
2017-07-12,74,36,31,7,52,40,85,19,152,8,18,2,7,4
2017-07-13,65,26,34,4,17,34,75,23,126,9,24,4,6,5
2017-07-14,63,44,28,2,22,28,55,10,132,6,21,2,8,6
2017-07-15,77,40,33,5,32,32,66,12,127,3,38,0,7,7
2017-07-16,90,51,29,1,22,20,56,10,106,2,10,0,11,1
2017-07-17,82,38,34,3,31,46,51,20,134,2,18,0,10,2
2017-07-18,73,38,23,4,28,41,61,23,134,2,13,0,9,3
2017-07-19,77,40,28,7,25,60,96,21,199,8,24,0,6,4
2017-07-20,57,37,27,6,19,45,65,22,148,1,7,0,4,5
2017-07-21,67,32,21,0,35,37,54,7,124,5,22,0,10,6
2017-07-22,65,39,26,5,29,32,55,12,110,4,22,0,8,7
2017-07-23,87,51,31,6,37,26,56,19,108,3,19,2,10,1
2017-07-24,57,31,30,1,19,36,57,10,145,4,22,0,11,2
2017-07-25,69,47,32,5,41,64,92,19,200,4,15,2,6,3
2017-07-26,62,36,24,4,29,45,88,8,150,7,20,2,8,4
2017-07-27,54,26,27,4,30,40,80,2,149,4,8,0,3,5
2017-07-28,68,37,20,6,33,45,71,2,134,0,11,0,8,6
2017-07-29,77,46,23,3,13,31,52,12,109,2,19,0,4,7
2017-07-30,95,52,23,5,24,40,77,31,159,9,34,0,12,1
2017-07-31,78,39,25,5,28,39,60,13,137,9,29,0,12,2
2017-08-01,82,35,30,5,32,31,64,31,120,10,28,0,5,3
2017-08-02,75,38,28,1,27,34,64,15,136,2,15,0,11,4
2017-08-03,84,43,25,4,21,67,69,15,175,2,10,0,8,5
2017-08-04,45,47,29,7,37,41,63,14,120,6,16,2,3,6
2017-08-05,83,54,32,3,30,27,63,20,121,6,23,0,12,7
2017-08-06,92,47,35,5,30,36,54,24,147,4,21,0,9,1
2017-08-07,61,48,26,2,27,36,55,15,124,4,16,0,9,2
2017-08-08,69,33,30,5,31,45,95,5,156,6,29,4,8,3
2017-08-09,62,30,24,2,11,25,72,7,107,11,19,2,5,4
2017-08-10,54,40,22,3,20,42,58,6,112,1,11,0,14,5
2017-08-11,70,32,30,3,22,37,57,18,142,2,12,2,7,6
2017-08-12,72,37,27,3,9,28,51,9,108,5,12,0,6,7
2017-08-13,90,52,21,6,34,28,69,34,136,4,10,0,3,1
2017-08-14,76,38,26,2,19,38,55,16,136,8,14,4,9,2
2017-08-15,76,39,30,3,32,52,94,21,174,6,17,2,7,3
2017-08-16,56,18,22,1,20,45,60,14,117,13,27,4,7,4
2017-08-17,46,37,23,0,18,50,78,7,129,5,10,6,6,5
2017-08-18,66,42,19,1,40,29,63,3,104,9,16,4,11,6
2017-08-19,86,41,18,4,18,31,58,12,115,12,26,2,13,7
2017-08-20,92,57,26,5,25,22,57,21,115,7,20,0,3,1
2017-08-21,81,37,22,6,38,33,42,11,111,11,21,6,11,2
2017-08-22,52,35,25,6,39,33,68,8,125,5,15,0,5,3
2017-08-23,80,31,30,3,24,41,73,17,154,6,18,4,5,4
2017-08-24,65,36,23,2,25,31,52,8,117,8,29,4,9,5
2017-08-25,65,34,20,5,32,51,68,21,159,12,26,2,13,6
2017-08-26,71,38,23,1,21,19,40,9,86,0,11,0,8,7
2017-08-27,75,50,42,5,29,21,49,8,109,5,12,0,7,1
2017-08-28,57,36,25,4,19,40,65,6,137,11,22,4,9,2
2017-08-29,62,32,33,4,29,38,74,18,152,10,15,10,4,3
2017-08-30,67,26,19,5,38,52,71,17,142,6,8,2,7,4
2017-08-31,62,39,23,5,21,36,59,10,131,8,21,4,7,5
2017-09-01,69,35,19,3,20,39,76,29,144,17,17,15,6,6
2017-09-02,63,30,24,6,10,26,60,2,88,8,24,0,5,7
2017-09-03,95,50,32,5,24,38,64,15,125,5,20,2,6,1
2017-09-04,75,44,33,6,20,24,51,7,86,2,15,0,9,2
2017-09-05,56,35,18,1,19,28,59,6,99,14,14,10,13,3
2017-09-06,47,30,17,2,25,43,55,19,136,9,9,0,5,4
2017-09-07,56,21,22,3,20,41,63,19,122,16,18,8,3,5
2017-09-08,50,27,22,3,36,43,57,9,102,19,20,14,9,6
2017-09-09,68,29,36,2,15,21,47,14,102,0,29,0,8,7
2017-09-10,58,39,23,5,24,15,32,10,73,2,14,0,8,1
2017-09-11,51,31,19,3,26,31,57,5,101,8,17,4,5,2
2017-09-12,62,31,28,3,14,48,78,21,154,12,30,8,5,3
2017-09-13,38,30,31,7,25,52,60,21,139,10,13,8,3,4
2017-09-14,59,30,25,3,17,45,71,16,138,10,17,4,9,5
2017-09-15,57,41,21,4,37,49,78,22,136,8,18,6,7,6
2017-09-16,82,34,18,6,20,29,38,26,100,5,23,2,11,7
2017-09-17,104,48,24,9,23,30,63,7,132,4,25,2,8,1
2017-09-18,61,33,24,2,28,41,67,16,135,15,13,14,4,2
2017-09-19,59,49,23,3,32,37,68,9,131,13,13,12,10,3
2017-09-20,60,32,27,6,34,40,89,28,153,14,4,12,5,4
2017-09-21,68,36,22,3,35,36,69,21,147,15,29,6,8,5
2017-09-22,72,31,20,5,28,48,71,17,153,10,35,4,7,6
2017-09-23,89,46,31,7,35,33,57,18,122,6,35,0,13,7
2017-09-24,107,40,39,5,26,29,56,12,129,3,23,2,2,1
2017-09-25,63,36,26,5,41,35,63,11,121,4,7,2,10,2
2017-09-26,63,38,22,5,29,40,66,22,122,19,20,14,12,3
2017-09-27,71,32,31,5,24,40,56,4,117,16,26,11,5,4
2017-09-28,59,30,24,3,38,38,60,13,129,17,23,6,12,5
2017-09-29,89,42,22,2,18,39,63,10,106,14,18,10,5,6
2017-09-30,72,45,27,3,26,22,49,15,94,5,24,0,8,7
2017-10-01,81,50,28,3,40,32,37,8,99,5,24,0,6,1
2017-10-02,59,28,30,4,14,39,75,8,131,23,7,17,7,2
2017-10-03,68,33,35,8,15,39,59,23,138,16,18,10,8,3
2017-10-04,80,39,20,2,25,36,62,10,129,9,14,10,6,4
2017-10-05,71,33,18,5,40,39,74,12,123,14,15,12,8,5
2017-10-06,71,42,19,3,32,36,53,5,116,15,38,8,18,6
2017-10-07,80,42,34,3,14,22,48,13,93,0,31,0,5,7
2017-10-08,82,48,32,6,18,19,38,19,99,6,19,0,5,1
2017-10-09,79,23,28,7,27,22,47,12,116,6,39,8,11,2
2017-10-10,73,35,26,1,20,42,65,14,134,13,18,6,6,3
2017-10-11,41,35,18,7,20,38,56,20,126,8,31,8,2,4
2017-10-12,65,34,16,3,39,29,61,14,130,13,9,6,5,5
2017-10-13,59,29,31,5,20,55,78,18,171,8,17,6,3,6
2017-10-14,82,47,35,3,37,41,54,14,126,9,14,4,5,7
2017-10-15,83,41,27,5,13,23,39,31,104,6,17,0,6,1
2017-10-16,74,37,22,6,42,31,49,8,106,12,14,8,8,2
2017-10-17,60,24,29,3,16,27,46,5,113,18,10,12,2,3
2017-10-18,70,33,24,6,29,52,91,12,176,16,24,10,6,4
2017-10-19,59,35,22,3,32,40,73,8,129,13,12,12,11,5
2017-10-20,77,37,32,3,28,35,64,22,112,10,25,8,13,6
2017-10-21,105,57,31,8,22,24,55,22,130,11,40,0,10,7
2017-10-22,78,41,39,4,32,15,44,12,96,3,34,2,11,1
2017-10-23,61,53,21,3,20,30,69,13,138,10,11,10,13,2
2017-10-24,53,36,30,3,28,30,54,9,107,10,19,6,7,3
2017-10-25,65,40,33,3,23,34,67,19,120,31,16,26,11,4
2017-10-26,68,39,35,2,14,35,84,25,154,12,17,8,6,5
2017-10-27,68,28,23,4,22,35,68,24,145,6,2,6,3,6
2017-10-28,86,51,23,3,20,31,56,15,130,5,27,0,8,7
2017-10-29,90,45,38,3,27,22,56,28,130,9,36,3,4,1
2017-10-30,51,35,27,2,23,35,51,16,116,8,11,8,6,2
2017-10-31,79,41,32,5,34,54,65,21,147,16,33,8,9,3
2017-11-01,67,38,32,3,31,49,71,13,150,10,20,8,8,4
2017-11-02,53,41,20,4,28,39,63,29,136,8,26,4,12,5
2017-11-03,62,40,33,7,36,47,67,21,139,2,13,2,3,6
2017-11-04,80,43,36,7,31,33,60,14,125,4,18,0,4,7
2017-11-05,82,61,30,6,43,37,60,26,143,6,21,2,7,1
2017-11-06,57,36,17,3,25,18,44,14,88,2,12,2,9,2
2017-11-07,67,29,28,3,28,38,64,21,129,18,22,14,9,3
2017-11-08,52,33,19,3,23,41,63,11,118,8,18,8,9,4
2017-11-09,46,33,23,8,23,53,53,12,115,9,27,4,11,5
2017-11-10,61,44,18,6,25,30,44,16,101,21,33,8,6,6
2017-11-11,68,49,18,6,32,39,56,16,135,1,26,2,12,7
2017-11-12,81,45,26,6,20,30,44,16,95,4,25,0,11,1
2017-11-13,69,44,25,5,15,38,70,7,138,21,29,6,9,2
2017-11-14,59,26,26,11,24,50,77,10,140,20,8,21,4,3
2017-11-15,49,29,19,3,25,47,74,6,129,22,21,14,5,4
2017-11-16,65,31,19,3,26,36,60,17,127,7,33,6,8,5
2017-11-17,48,31,24,1,34,30,67,15,116,13,20,12,6,6
2017-11-18,73,50,28,3,22,40,64,0,134,4,39,2,9,7
2017-11-19,74,48,26,1,37,31,59,21,128,10,35,0,9,1
2017-11-20,42,34,18,3,13,27,54,5,90,8,12,8,5,2
2017-11-21,56,29,20,3,21,61,84,19,162,7,33,4,0,3
2017-11-22,55,27,25,2,14,49,56,16,144,4,30,0,2,4
2017-11-23,58,39,21,6,25,17,36,13,82,4,17,0,8,5
2017-11-24,71,48,26,5,28,30,50,11,101,2,41,0,7,6
2017-11-25,92,40,29,4,16,35,48,21,118,4,41,0,17,7
2017-11-26,77,42,45,0,22,24,52,13,129,10,41,2,7,1
2017-11-27,64,46,31,1,31,46,68,16,150,14,20,14,14,2
2017-11-28,61,32,31,6,31,36,64,14,132,11,15,6,6,3
2017-11-29,65,35,29,1,23,40,64,15,129,22,18,20,5,4
2017-11-30,55,28,20,2,44,38,66,27,125,7,22,6,6,5
2017-12-01,64,38,19,4,23,44,60,15,121,19,16,18,3,6
2017-12-02,70,44,22,4,14,26,62,18,123,8,19,4,4,7
2017-12-03,70,43,23,2,19,29,39,21,109,3,17,2,4,1
2017-12-04,47,41,21,2,28,38,53,6,109,9,23,5,7,2
2017-12-05,59,32,17,3,34,40,73,10,118,13,23,8,6,3
2017-12-06,57,25,23,6,31,51,64,20,132,15,22,8,6,4
2017-12-07,51,32,27,5,30,53,76,2,152,13,32,8,7,5
2017-12-08,48,25,24,2,20,34,61,25,100,8,14,8,5,6
2017-12-09,62,36,18,2,21,26,55,5,101,6,27,2,15,7
2017-12-10,67,42,15,2,27,30,58,18,119,4,22,0,3,1
2017-12-11,68,44,41,4,20,29,47,12,130,12,13,11,14,2
2017-12-12,46,35,24,6,36,43,74,12,152,7,18,8,11,3
2017-12-13,59,36,37,9,24,48,61,6,159,11,13,10,18,4
2017-12-14,47,27,20,6,25,29,49,17,113,8,23,4,7,5
2017-12-15,43,38,18,6,40,37,55,5,126,10,5,4,6,6
2017-12-16,64,41,27,8,22,27,61,22,127,4,24,0,3,7
2017-12-17,63,42,30,1,28,35,63,22,128,0,17,0,3,1
2017-12-18,54,31,30,3,23,45,66,19,142,4,30,0,10,2
2017-12-19,86,38,30,6,34,49,62,9,149,17,22,13,14,3
2017-12-20,52,42,24,4,35,48,71,14,153,3,10,4,4,4
2017-12-21,51,31,28,4,29,43,67,35,126,9,13,0,1,5
2017-12-22,64,44,24,4,39,36,72,15,157,9,26,0,11,6
2017-12-23,70,44,28,3,34,16,49,21,96,5,17,0,8,7
2017-12-24,57,39,25,5,29,15,37,11,88,0,13,0,8,1
2017-12-25,38,36,29,3,22,11,38,8,68,3,7,0,6,2
2017-12-26,50,43,24,2,44,20,67,13,132,4,3,0,1,3
2017-12-27,47,24,35,8,24,29,49,21,108,0,33,0,4,4
2017-12-28,43,43,18,3,39,24,38,10,96,7,8,0,6,5
2017-12-29,45,25,19,3,33,34,51,4,100,2,8,2,10,6
2017-12-30,62,35,30,0,31,27,48,20,106,7,21,0,9,7
2017-12-31,55,46,35,13,36,28,38,18,105,4,21,0,8,1
2018-01-01,96,63,62,4,41,36,70,11,124,12,41,0,12,2
2018-01-02,47,22,18,4,20,35,43,4,116,2,20,0,9,3
2018-01-03,50,35,18,2,18,45,56,15,137,5,11,6,9,4
2018-01-04,55,28,20,2,31,26,56,20,120,7,30,2,10,5
2018-01-05,49,36,27,1,30,33,45,8,98,3,21,1,10,6
2018-01-06,56,59,18,2,29,20,45,11,98,4,15,2,8,7
2018-01-07,67,47,19,4,47,32,46,5,114,2,18,0,9,1
2018-01-08,50,37,27,1,22,22,42,19,100,6,20,2,11,2
2018-01-09,58,33,27,3,21,47,75,13,167,6,4,4,8,3
2018-01-10,41,26,39,6,28,54,74,5,154,18,13,14,6,4
2018-01-11,87,51,23,4,53,46,83,17,149,2,18,0,10,5
2018-01-12,75,43,23,4,48,38,61,17,142,17,28,10,9,6
2018-01-13,61,38,30,5,31,37,52,20,106,2,13,0,6,7
2018-01-14,71,31,34,2,19,30,43,17,115,6,31,0,7,1
2018-01-15,61,33,21,6,19,37,78,24,146,6,31,4,7,2
2018-01-16,44,31,24,6,28,30,61,20,110,6,17,6,4,3
2018-01-17,49,36,25,3,35,49,57,4,133,9,19,4,11,4
2018-01-18,53,24,25,6,27,63,71,0,137,14,7,15,6,5
2018-01-19,41,26,30,2,28,56,85,6,141,11,13,9,6,6
2018-01-20,80,53,34,2,35,26,59,22,101,11,18,4,5,7
2018-01-21,84,41,37,4,34,36,58,11,124,2,15,0,8,1
2018-01-22,61,38,24,1,34,26,39,24,105,10,10,8,13,2
2018-01-23,60,49,31,5,29,47,54,0,132,16,10,15,6,3
2018-01-24,66,33,31,4,42,57,97,12,191,20,36,12,13,4
2018-01-25,73,37,25,3,38,66,77,11,170,12,36,4,7,5
2018-01-26,72,36,26,3,48,60,95,10,173,17,26,15,7,6
2018-01-27,80,40,30,2,31,36,55,22,127,3,27,0,11,7
2018-01-28,77,50,39,11,40,32,65,12,136,7,21,0,12,1
2018-01-29,54,31,25,3,25,46,54,6,124,22,19,14,3,2
2018-01-30,58,42,13,2,24,36,59,8,103,6,18,6,6,3
2018-01-31,52,29,22,3,27,63,69,11,157,10,19,8,6,4
2018-02-01,50,39,19,4,54,71,81,18,172,12,18,6,14,5
2018-02-02,49,34,15,3,31,42,65,18,147,8,2,6,6,6
2018-02-03,67,44,27,4,18,25,44,13,94,2,18,0,7,7
2018-02-04,52,28,18,1,20,25,44,8,99,2,10,2,3,1
2018-02-05,56,30,22,7,30,45,61,15,120,26,33,18,15,2
2018-02-06,48,43,32,3,41,47,74,5,156,19,10,17,10,3
2018-02-07,52,26,19,2,33,41,58,22,119,10,26,10,5,4
2018-02-08,54,38,18,6,21,63,76,3,129,22,19,14,10,5
2018-02-09,46,34,14,2,20,48,57,15,118,11,7,10,6,6
2018-02-10,46,44,36,3,36,27,51,12,105,7,19,2,4,7
2018-02-11,47,33,25,3,26,23,58,9,113,2,8,0,10,1
2018-02-12,45,28,24,1,21,27,36,13,94,5,19,2,6,2
2018-02-13,46,32,24,4,20,45,55,8,134,16,4,12,2,3
2018-02-14,50,31,29,5,31,37,70,16,128,10,11,8,6,4
2018-02-15,40,35,26,5,35,45,70,6,127,31,22,32,14,5
2018-02-16,61,31,21,10,21,60,67,8,159,16,23,14,6,6
2018-02-17,58,40,20,5,15,24,46,15,112,0,11,0,9,7
2018-02-18,61,37,43,6,17,25,58,31,125,8,19,0,6,1
2018-02-19,53,36,31,2,27,33,75,21,124,9,3,6,4,2
2018-02-20,48,38,41,4,13,43,63,3,105,23,23,20,11,3
2018-02-21,40,21,38,4,45,50,91,11,147,22,12,20,2,4
2018-02-22,30,32,25,7,32,50,75,20,155,13,17,9,7,5
2018-02-23,55,34,42,6,19,43,65,7,123,18,11,16,11,6
2018-02-24,82,31,38,0,20,17,37,15,71,3,4,2,7,7
2018-02-25,57,36,43,3,39,28,37,18,96,6,11,4,7,1
2018-02-26,37,36,36,6,30,34,56,20,91,19,11,15,10,2
2018-02-27,42,27,24,6,40,54,91,4,129,20,16,22,9,3
2018-02-28,47,21,39,4,18,51,88,3,128,31,23,25,7,4
2018-03-01,41,30,21,8,15,76,98,4,175,29,13,24,6,5
2018-03-02,39,35,28,2,47,55,74,31,145,17,17,14,4,6
2018-03-03,49,28,22,7,29,26,53,24,97,6,13,2,5,7
2018-03-04,53,31,51,2,21,28,48,14,92,8,37,2,9,1
2018-03-05,50,44,41,5,55,52,92,8,141,20,26,18,15,2
2018-03-06,53,25,30,2,45,59,57,15,144,5,13,6,13,3
2018-03-07,52,28,24,7,16,51,78,9,143,15,24,8,10,4
2018-03-08,53,24,27,2,32,44,48,18,91,28,14,18,4,5
2018-03-09,51,28,21,8,44,55,70,12,131,14,11,12,6,6
2018-03-10,54,35,41,1,23,28,52,14,97,15,21,2,8,7
2018-03-11,57,33,32,5,14,27,50,6,115,3,19,4,5,1
2018-03-12,65,41,30,4,30,47,73,11,139,17,31,4,10,2
2018-03-13,56,19,29,10,27,51,62,5,119,12,22,10,5,3
2018-03-14,47,38,39,7,25,67,82,12,159,19,12,18,16,4
2018-03-15,56,23,35,11,29,79,80,22,172,15,18,10,5,5
2018-03-16,49,27,22,4,25,43,41,7,100,10,6,8,6,6
2018-03-17,80,34,33,3,21,39,64,20,131,12,30,0,8,7
2018-03-18,83,36,58,2,28,32,41,3,102,4,10,0,6,1
2018-03-19,56,29,29,4,36,33,74,14,129,6,15,7,5,2
2018-03-20,59,33,26,2,32,40,68,17,120,11,17,12,9,3
2018-03-21,58,37,27,6,37,39,53,7,95,23,25,12,9,4
2018-03-22,65,27,40,7,46,50,66,26,140,7,24,4,9,5
2018-03-23,41,29,20,6,34,43,50,16,103,14,10,15,5,6
2018-03-24,74,46,47,6,25,43,48,14,110,3,28,0,12,7
2018-03-25,69,40,36,5,34,33,63,16,118,2,23,0,8,1
2018-03-26,67,25,29,4,22,26,52,15,124,4,15,4,15,2
2018-03-27,52,16,37,1,44,38,49,18,92,10,9,8,4,3
2018-03-28,61,35,35,1,29,61,78,13,139,8,16,6,12,4
2018-03-29,54,28,20,4,32,39,54,9,103,8,18,4,7,5
2018-03-30,43,37,16,1,13,28,36,8,81,2,12,2,9,6
2018-03-31,54,48,22,1,28,14,23,12,55,5,21,0,10,7
