state,Accidents,CrimeWithGun,Gang,InvolvingChildren,NonViolent,Police,School,SelfDefense,Suicide,Terrorism
alabama,12.4985927500852,51.7445858006,8.00980655647966,6.11545641972869,23.0204723139955,13.0751340960529,3.31511273931421,9.47175068375487,4.96237372779331,1.42076260256323
alaska,28.551566192104,192.959873885973,42.8950070279477,6.08919658125441,141.269360685102,37.347072365027,1.75910123458461,21.650476733349,14.2081253562603,2.1650476733349
arizona,6.61961756471779,19.1444005781376,3.73264778979681,1.72051734060947,10.2210394556546,12.6997508785665,0.874839325733628,3.98051893208801,3.0619376400677,0.685290805158009
arkansas,11.933358228017,58.2589230345323,9.68747339296884,5.09514171533309,30.4702882844591,12.9054576342318,3.01686022618407,6.73765450514442,4.32416632419716,1.00562007539469
california,3.26761378115729,31.9148016842978,8.74003654834956,1.08835298731275,13.8317912519043,11.261643117546,0.620821070227695,1.97232043710198,1.76282526114037,1.22375840592208
colorado,9.61678174034096,43.9598239326022,9.56203725225553,2.37226115036874,27.1532660903745,15.8029088939948,1.51459750369696,3.97809946754142,3.7226251898094,0.894159972062063
connecticut,7.29301257717597,94.252444985946,32.7907206714248,1.75366332962628,44.0085987958596,7.96107479798599,1.44746814508836,4.67643554567009,2.7557566608413,1.30828851575294
delaware,5.48299231142131,158.057797592703,46.183666007741,3.37414911472081,51.6666583191624,10.4387738236675,2.63605399587563,6.01020311059644,2.1088431967005,2.31972751637055
district of columbia,4.57253946673127,236.002036992582,108.118433197227,6.04755219793491,199.716723804972,23.8952062454989,2.65502291616655,2.50752164304618,2.06501782368509,5.75254965169418
florida,7.76947750007111,61.1925808139647,13.5293544636229,3.62803795157506,30.1488975868084,11.544201622195,2.29808333859876,8.41000711146779,3.5840321004104,1.92158883419002
georgia,11.2317971397039,73.523422075093,13.3670085751164,5.06990843111635,36.045098980456,12.3530268888931,2.74945034149002,8.53109591774386,3.94867868192716,1.29672657949707
hawaii,2.87706629058966,20.4201534283315,3.50861742754837,0.561378788407738,13.3327462246838,7.71895834060641,0.421034091305804,0.771895834060641,1.33327462246838,0.140344697101935
idaho,12.4612756871525,43.1351850709124,12.3414557286222,2.8756790047275,26.9594906693203,14.2585750651072,1.25810956456828,4.07387859003062,4.31351850709124,0.958559668242499
illinois,7.66023465151518,109.142774201466,24.0160811991101,2.53784196788003,24.740066791174,16.5971750782829,1.10544036637719,3.54986483850703,2.53784196788003,1.8683499150037
indiana,13.6429132705742,90.7163182183864,18.0346032724957,4.6482492116558,30.8021968863295,22.0791837553651,2.29394116938858,7.15347443611964,4.58788233877716,1.66008900416279
iowa,12.7993692470835,80.7320215259792,19.1030586012721,2.62387069565212,29.9185256150577,10.9114622831387,1.91990538706253,3.13584546553546,2.97585334994691,1.18394165535522
kansas,15.2758477493412,57.3876442475252,10.5623541870445,3.78455687483679,27.2488094988249,14.6221515618694,2.23632906240356,5.98648087474183,3.88777206233234,0.92893668745994
kentucky,12.9099428791452,63.5340720363528,11.3526245947728,4.92022298540849,26.4969806645393,15.5957526739324,3.47575385207756,8.37340700727775,5.32647992915782,1.30905015208116
louisiana,15.0022754877906,119.140752696905,19.6035440040174,7.10521463901069,50.3785399404553,18.0198515844789,3.83082355537022,10.4652107183019,4.75107725861558,3.12458234125169
maine,12.3242734267811,85.593581909169,24.5733988448624,0.976924113098505,48.320169594026,21.1165904446677,0.526036060899195,6.68817277428976,4.80947255679264,0.976924113098505
maryland,3.70928904530926,57.9514037392711,22.771375349903,2.27880089330658,24.5345351651621,8.00075350131728,1.46375531832832,1.97939639637579,2.57820539023738,1.04791573925777
massachusetts,4.09759817960896,95.7721782409679,42.2243540013468,1.3511793280431,49.024310837042,7.69584747711504,1.24837220525721,2.93734636531109,1.23368547343066,1.10150488699166
michigan,9.18230168739141,52.9291227747989,7.21898060291627,2.970152409847,19.9755334953778,10.3602943380765,1.29881240972971,4.68176566297917,3.06076722913047,1.05717289164046
minnesota,6.06238181815459,35.9386706585212,7.16958328793732,1.72433015785834,23.3419850842719,7.53260016327592,1.12535231354965,2.06919618943001,2.26885547086624,0.653430375609477
mississippi,14.9706239183347,55.930518889528,7.80347958159283,6.0619304904219,21.8698376256657,14.0663580440729,2.88025426616731,7.7364969242401,5.39210391689462,2.00947972058185
missouri,10.6347298223877,71.8789389695538,14.2344297159007,5.91731489344601,29.7509443253813,18.1628693257162,2.7778506027566,9.45126684369848,4.66810397149629,1.80806843966406
montana,15.4686630265358,51.6266628510631,12.5682887090603,2.51365774181206,43.2155773303843,16.1454170339467,1.64354544656943,5.60739034711921,5.51071120320337,1.06347058307433
nebraska,13.9434000560104,84.6074992077913,15.6271313835286,2.78868001120208,45.723828862917,11.9439691045825,2.26251397135263,4.15671171481064,4.15671171481064,0.999715475713951
nevada,6.55676926351347,40.576446437031,7.96424329390117,2.33434717235034,16.64938792044,17.6105896972901,1.23583085595018,9.40604595917639,5.11496659823825,0.617915427975091
new hampshire,12.067545273907,91.7433255606349,25.9339792842971,1.64898134177612,59.3633283039402,19.2631002198392,1.4990739470692,5.92134209092333,5.17180511738873,1.04935176294844
new jersey,4.54759877171364,44.918683946093,14.8354263851736,0.947416410773674,19.1378114976282,5.89627389763851,0.568449846464204,0.992000712457141,1.86139459528475,1.21492222087448
new mexico,5.61220188625146,67.2504875600389,11.9918843723322,3.21382501178502,35.01630236721,29.5000355559372,2.49431194944509,10.6967608601203,4.60488359897556,1.58292873714785
new york,3.89007819662635,44.1480988592484,15.0608085822693,1.15541881585919,21.3424523628138,5.50968273763421,0.817370516022657,2.24524617055606,1.42283015752092,0.918280456272368
north carolina,6.80968371666797,56.1600950703111,9.58106662461423,4.37482587611518,21.2604660223878,8.23496635504033,2.94954323774281,5.93867765988485,3.07821458704032,1.01947299828023
north dakota,26.094556821896,71.4937602722355,19.570917616422,2.66270987978531,49.2601327760282,16.9082077366367,1.06508395191412,6.1242327235062,4.92601327760282,1.19821944590339
ohio,12.9859705262788,79.757438593474,13.1925068368359,4.63846130792862,26.0924205670493,17.3834728052241,2.12560286281701,6.13584955946773,3.83813310451979,1.35969737783436
oklahoma,10.4916811204501,75.719230330273,14.560406237893,3.04514647154528,29.3255282049655,20.1133203918873,1.79126263032075,13.3065223966685,3.81283045596846,1.48418903655148
oregon,8.86092937944184,61.4588138016997,20.9058695943934,1.92521585402915,28.3845927196605,12.5632675602671,1.11070145424758,5.15859119861656,4.04788974436897,0.987290181553409
pennsylvania,10.7710763848117,50.6662678710809,9.5360763348841,2.25895578752582,20.8386717285254,10.0128801516283,0.96924054551281,4.40848119088085,3.50177229346564,1.09430384170801
rhode island,2.55445784825243,99.7184656317801,40.6821064721684,1.1353145992233,39.7360109728156,8.32564039430422,1.32453369909385,3.97360109728156,1.70297189883495,1.60836234889968
south carolina,15.328881663673,108.256419908218,20.6686113028067,7.71519871814004,50.6157642219029,14.5370586373375,4.93366654870534,11.1058255232174,4.8930602396625,2.23334699735633
south dakota,21.894203829797,59.1609337528558,18.5169064305198,1.86333649615294,34.4717251788294,14.5573163761948,1.3975023721147,2.32917062019117,4.07604858533455,1.04812677908603
tennessee,14.0548875059863,73.2937474130647,12.4697498173412,6.82364033588162,32.3217122989437,14.8248115261853,4.39309587995918,9.49572958245473,4.37799933054352,1.64552388630774
texas,6.83428294007308,33.3903537929285,5.93750930560847,2.57822419908577,17.6353428035642,11.2856069079196,1.28368806546346,6.30634362300924,3.29419669756962,0.860613407268462
utah,9.47824733950403,36.3222345597777,8.5171663155683,2.12100639765125,19.0227761289347,11.1021428627058,1.02736247386232,4.63970149486211,3.04894669662367,0.530251599412813
vermont,19.3822430621381,90.1834945783781,22.4257357743747,2.08238975047765,59.9087512829723,14.0961767724641,1.60183826959819,6.24716925143294,5.28606628967403,1.28147061567855
virginia,7.20923208302509,37.0709438186629,5.31457439508957,3.83697972022162,15.800730152217,9.03239325443474,2.46662982014247,2.44279764796718,3.27692367410231,0.762629509609266
washington,6.81288851725721,51.7059465923545,12.7395476338956,1.53705411669827,23.7620258040922,12.1579595897395,1.45397011039026,5.22044506302026,3.28181824916658,1.14932875392754
west virginia,11.6750330917629,74.0873595262337,18.3308930786558,3.87349228745405,29.3512514176095,15.5485253792169,2.6732552406373,7.74698457490809,4.47361081086242,0.872899670412179
wisconsin,10.0869103446985,65.270282402293,12.4266575896028,3.15432591535245,31.6992423031848,11.3174440809074,1.78514049055661,4.55817426229502,3.17165737642582,0.849241592594891
wyoming,14.2265736111629,31.5384282464334,7.88460706160835,2.05685401607174,27.9389337183078,13.198146603127,1.3712360107145,4.97073053884005,4.97073053884005,1.71404501339312
